0.072,0,32
0.072,0,32
0.072,0,32
0.072,0,32
0.072,0,32
0.072,0,32
0.072,0,32
0.072,0,32
0.072,0,32
0.072,0,32
0.072,10,29
0.072,10,29
0.072,10,29
0.072,10,29
0.072,10,29
0.072,10,29
0.072,10,29
0.072,10,29
0.072,10,29
0.072,10,29
0.072,20,30
0.072,20,30
0.072,20,30
0.072,20,30
0.072,20,30
0.072,20,30
0.072,20,30
0.072,20,30
0.072,20,30
0.072,20,30
0.072,30,21
0.072,30,21
0.072,30,21
0.072,30,21
0.072,30,21
0.072,30,21
0.072,30,21
0.072,30,21
0.072,30,21
0.072,30,21
0.072,40,26
0.072,40,26
0.072,40,26
0.072,40,26
0.072,40,26
0.072,40,26
0.072,40,26
0.072,40,26
0.072,40,26
0.072,40,26
0.072,50,21
0.072,50,21
0.072,50,21
0.072,50,21
0.072,50,21
0.072,50,21
0.072,50,21
0.072,50,21
0.072,50,21
0.072,50,21
0.072,60,21
0.072,60,21
0.072,60,21
0.072,60,21
0.072,60,21
0.072,60,21
0.072,60,21
0.072,60,21
0.072,60,21
0.072,60,21
0.072,70,21
0.072,70,21
0.072,70,21
0.072,70,21
0.072,70,21
0.072,70,21
0.072,70,21
0.072,70,21
0.072,70,21
0.072,70,21
0.072,80,2
0.072,80,2
0.072,80,2
0.072,80,2
0.072,80,2
0.072,80,2
0.072,80,2
0.072,80,2
0.072,80,2
0.072,80,2
0.072,90,6
0.072,90,6
0.072,90,6
0.072,90,6
0.072,90,6
0.072,90,6
0.072,90,6
0.072,90,6
0.072,90,6
0.072,90,6
0.072,100,2
0.072,100,2
0.072,100,2
0.072,100,2
0.072,100,2
0.072,100,2
0.072,100,2
0.072,100,2
0.072,100,2
0.072,100,2
0.072,110,4
0.072,110,4
0.072,110,4
0.072,110,4
0.072,110,4
0.072,110,4
0.072,110,4
0.072,110,4
0.072,110,4
0.072,110,4
0.072,120,20
0.072,120,20
0.072,120,20
0.072,120,20
0.072,120,20
0.072,120,20
0.072,120,20
0.072,120,20
0.072,120,20
0.072,120,20
0.072,130,2
0.072,130,2
0.072,130,2
0.072,130,2
0.072,130,2
0.072,130,2
0.072,130,2
0.072,130,2
0.072,130,2
0.072,130,2
0.072,140,20
0.072,140,20
0.072,140,20
0.072,140,20
0.072,140,20
0.072,140,20
0.072,140,20
0.072,140,20
0.072,140,20
0.072,140,20
0.072,150,21
0.072,150,21
0.072,150,21
0.072,150,21
0.072,150,21
0.072,150,21
0.072,150,21
0.072,150,21
0.072,150,21
0.072,150,21
0.072,160,5
0.072,160,5
0.072,160,5
0.072,160,5
0.072,160,5
0.072,160,5
0.072,160,5
0.072,160,5
0.072,160,5
0.072,160,5
0.072,170,2
0.072,170,2
0.072,170,2
0.072,170,2
0.072,170,2
0.072,170,2
0.072,170,2
0.072,170,2
0.072,170,2
0.072,170,2
0.072,180,3
0.072,180,3
0.072,180,3
0.072,180,3
0.072,180,3
0.072,180,3
0.072,180,3
0.072,180,3
0.072,180,3
0.072,180,3
0.072,190,2
0.072,190,2
0.072,190,2
0.072,190,2
0.072,190,2
0.072,190,2
0.072,190,2
0.072,190,2
0.072,190,2
0.072,190,2
0.072,200,2
0.072,200,2
0.072,200,2
0.072,200,2
0.072,200,2
0.072,200,2
0.072,200,2
0.072,200,2
0.072,200,2
0.072,200,2
0.072,210,2
0.072,210,2
0.072,210,2
0.072,210,2
0.072,210,2
0.072,210,2
0.072,210,2
0.072,210,2
0.072,210,2
0.072,210,2
0.072,220,2
0.072,220,2
0.072,220,2
0.072,220,2
0.072,220,2
0.072,220,2
0.072,220,2
0.072,220,2
0.072,220,2
0.072,220,2
0.072,230,4
0.072,230,4
0.072,230,4
0.072,230,4
0.072,230,4
0.072,230,4
0.072,230,4
0.072,230,4
0.072,230,4
0.072,230,4
0.072,240,2
0.072,240,2
0.072,240,2
0.072,240,2
0.072,240,2
0.072,240,2
0.072,240,2
0.072,240,2
0.072,240,2
0.072,240,2
0.072,250,20
0.072,250,20
0.072,250,20
0.072,250,20
0.072,250,20
0.072,250,20
0.072,250,20
0.072,250,20
0.072,250,20
0.072,250,20
0.072,260,2
0.072,260,2
0.072,260,2
0.072,260,2
0.072,260,2
0.072,260,2
0.072,260,2
0.072,260,2
0.072,260,2
0.072,260,2
0.072,270,2
0.072,270,2
0.072,270,2
0.072,270,2
0.072,270,2
0.072,270,2
0.072,270,2
0.072,270,2
0.072,270,2
0.072,270,2
0.072,280,3
0.072,280,3
0.072,280,3
0.072,280,3
0.072,280,3
0.072,280,3
0.072,280,3
0.072,280,3
0.072,280,3
0.072,280,3
0.072,290,3
0.072,290,3
0.072,290,3
0.072,290,3
0.072,290,3
0.072,290,3
0.072,290,3
0.072,290,3
0.072,290,3
0.072,290,3
0.072,300,21
0.072,300,21
0.072,300,21
0.072,300,21
0.072,300,21
0.072,300,21
0.072,300,21
0.072,300,21
0.072,300,21
0.072,300,21
0.072,310,2
0.072,310,2
0.072,310,2
0.072,310,2
0.072,310,2
0.072,310,2
0.072,310,2
0.072,310,2
0.072,310,2
0.072,310,2
0.072,320,2
0.072,320,2
0.072,320,2
0.072,320,2
0.072,320,2
0.072,320,2
0.072,320,2
0.072,320,2
0.072,320,2
0.072,320,2
0.072,330,2
0.072,330,2
0.072,330,2
0.072,330,2
0.072,330,2
0.072,330,2
0.072,330,2
0.072,330,2
0.072,330,2
0.072,330,2
0.072,340,2
0.072,340,2
0.072,340,2
0.072,340,2
0.072,340,2
0.072,340,2
0.072,340,2
0.072,340,2
0.072,340,2
0.072,340,2
0.072,350,2
0.072,350,2
0.072,350,2
0.072,350,2
0.072,350,2
0.072,350,2
0.072,350,2
0.072,350,2
0.072,350,2
0.072,350,2
0.072,360,2
0.072,360,2
0.072,360,2
0.072,360,2
0.072,360,2
0.072,360,2
0.072,360,2
0.072,360,2
0.072,360,2
0.072,360,2
0.072,370,2
0.072,370,2
0.072,370,2
0.072,370,2
0.072,370,2
0.072,370,2
0.072,370,2
0.072,370,2
0.072,370,2
0.072,370,2
0.072,380,2
0.072,380,2
0.072,380,2
0.072,380,2
0.072,380,2
0.072,380,2
0.072,380,2
0.072,380,2
0.072,380,2
0.072,380,2
0.072,390,2
0.072,390,2
0.072,390,2
0.072,390,2
0.072,390,2
0.072,390,2
0.072,390,2
0.072,390,2
0.072,390,2
0.072,390,2
0.072,400,2
0.072,400,2
0.072,400,2
0.072,400,2
0.072,400,2
0.072,400,2
0.072,400,2
0.072,400,2
0.072,400,2
0.072,400,2
0.072,410,2
0.072,410,2
0.072,410,2
0.072,410,2
0.072,410,2
0.072,410,2
0.072,410,2
0.072,410,2
0.072,410,2
0.072,410,2
0.072,420,2
0.072,420,2
0.072,420,2
0.072,420,2
0.072,420,2
0.072,420,2
0.072,420,2
0.072,420,2
0.072,420,2
0.072,420,2
0.072,430,2
0.072,430,2
0.072,430,2
0.072,430,2
0.072,430,2
0.072,430,2
0.072,430,2
0.072,430,2
0.072,430,2
0.072,430,2
0.072,440,2
0.072,440,2
0.072,440,2
0.072,440,2
0.072,440,2
0.072,440,2
0.072,440,2
0.072,440,2
0.072,440,2
0.072,440,2
0.072,450,2
0.072,450,2
0.072,450,2
0.072,450,2
0.072,450,2
0.072,450,2
0.072,450,2
0.072,450,2
0.072,450,2
0.072,450,2
0.072,460,2
0.072,460,2
0.072,460,2
0.072,460,2
0.072,460,2
0.072,460,2
0.072,460,2
0.072,460,2
0.072,460,2
0.072,460,2
0.072,470,2
0.072,470,2
0.072,470,2
0.072,470,2
0.072,470,2
0.072,470,2
0.072,470,2
0.072,470,2
0.072,470,2
0.072,470,2
0.072,480,2
0.072,480,2
0.072,480,2
0.072,480,2
0.072,480,2
0.072,480,2
0.072,480,2
0.072,480,2
0.072,480,2
0.072,480,2
0.072,490,2
0.072,490,2
0.072,490,2
0.072,490,2
0.072,490,2
0.072,490,2
0.072,490,2
0.072,490,2
0.072,490,2
0.072,490,2
0.072,500,2
0.072,500,2
0.072,500,2
0.072,500,2
0.072,500,2
0.072,500,2
0.072,500,2
0.072,500,2
0.072,500,2
0.072,500,2
0.072,510,2
0.072,510,2
0.072,510,2
0.072,510,2
0.072,510,2
0.072,510,2
0.072,510,2
0.072,510,2
0.072,510,2
0.072,510,2
0.072,520,2
0.072,520,2
0.072,520,2
0.072,520,2
0.072,520,2
0.072,520,2
0.072,520,2
0.072,520,2
0.072,520,2
0.072,520,2
0.072,530,2
0.072,530,2
0.072,530,2
0.072,530,2
0.072,530,2
0.072,530,2
0.072,530,2
0.072,530,2
0.072,530,2
0.072,530,2
0.072,540,3
0.072,540,3
0.072,540,3
0.072,540,3
0.072,540,3
0.072,540,3
0.072,540,3
0.072,540,3
0.072,540,3
0.072,540,3
0.072,550,3
0.072,550,3
0.072,550,3
0.072,550,3
0.072,550,3
0.072,550,3
0.072,550,3
0.072,550,3
0.072,550,3
0.072,550,3
0.072,560,3
0.072,560,3
0.072,560,3
0.072,560,3
0.072,560,3
0.072,560,3
0.072,560,3
0.072,560,3
0.072,560,3
0.072,560,3
0.072,570,3
0.072,570,3
0.072,570,3
0.072,570,3
0.072,570,3
0.072,570,3
0.072,570,3
0.072,570,3
0.072,570,3
0.072,570,3
0.072,580,2
0.072,580,2
0.072,580,2
0.072,580,2
0.072,580,2
0.072,580,2
0.072,580,2
0.072,580,2
0.072,580,2
0.072,580,2
0.072,590,2
0.072,590,2
0.072,590,2
0.072,590,2
0.072,590,2
0.072,590,2
0.072,590,2
0.072,590,2
0.072,590,2
0.072,590,2
0.072,600,2
0.072,600,2
0.072,600,2
0.072,600,2
0.072,600,2
0.072,600,2
0.072,600,2
0.072,600,2
0.072,600,2
0.072,600,2
0.072,610,2
0.072,610,2
0.072,610,2
0.072,610,2
0.072,610,2
0.072,610,2
0.072,610,2
0.072,610,2
0.072,610,2
0.072,610,2
0.072,620,2
0.072,620,2
0.072,620,2
0.072,620,2
0.072,620,2
0.072,620,2
0.072,620,2
0.072,620,2
0.072,620,2
0.072,620,2
0.072,630,2
0.072,630,2
0.072,630,2
0.072,630,2
0.072,630,2
0.072,630,2
0.072,630,2
0.072,630,2
0.072,630,2
0.072,630,2
0.072,640,2
0.072,640,2
0.072,640,2
0.072,640,2
0.072,640,2
0.072,640,2
0.072,640,2
0.072,640,2
0.072,640,2
0.072,640,2
0.072,650,2
0.072,650,2
0.072,650,2
0.072,650,2
0.072,650,2
0.072,650,2
0.072,650,2
0.072,650,2
0.072,650,2
0.072,650,2
0.072,660,2
0.072,660,2
0.072,660,2
0.072,660,2
0.072,660,2
0.072,660,2
0.072,660,2
0.072,660,2
0.072,660,2
0.072,660,2
0.072,670,3
0.072,670,3
0.072,670,3
0.072,670,3
0.072,670,3
0.072,670,3
0.072,670,3
0.072,670,3
0.072,670,3
0.072,670,3
0.072,680,2
0.072,680,2
0.072,680,2
0.072,680,2
0.072,680,2
0.072,680,2
0.072,680,2
0.072,680,2
0.072,680,2
0.072,680,2
0.072,690,3
0.072,690,3
0.072,690,3
0.072,690,3
0.072,690,3
0.072,690,3
0.072,690,3
0.072,690,3
0.072,690,3
0.072,690,3
0.072,700,2
0.072,700,2
0.072,700,2
0.072,700,2
0.072,700,2
0.072,700,2
0.072,700,2
0.072,700,2
0.072,700,2
0.072,700,2
0.072,710,3
0.072,710,3
0.072,710,3
0.072,710,3
0.072,710,3
0.072,710,3
0.072,710,3
0.072,710,3
0.072,710,3
0.072,710,3
0.072,720,2
0.072,720,2
0.072,720,2
0.072,720,2
0.072,720,2
0.072,720,2
0.072,720,2
0.072,720,2
0.072,720,2
0.072,720,2
0.072,730,3
0.072,730,3
0.072,730,3
0.072,730,3
0.072,730,3
0.072,730,3
0.072,730,3
0.072,730,3
0.072,730,3
0.072,730,3
0.072,740,3
0.072,740,3
0.072,740,3
0.072,740,3
0.072,740,3
0.072,740,3
0.072,740,3
0.072,740,3
0.072,740,3
0.072,740,3
0.072,750,2
0.072,750,2
0.072,750,2
0.072,750,2
0.072,750,2
0.072,750,2
0.072,750,2
0.072,750,2
0.072,750,2
0.072,750,2
0.072,760,2
0.072,760,2
0.072,760,2
0.072,760,2
0.072,760,2
0.072,760,2
0.072,760,2
0.072,760,2
0.072,760,2
0.072,760,2
0.072,770,2
0.072,770,2
0.072,770,2
0.072,770,2
0.072,770,2
0.072,770,2
0.072,770,2
0.072,770,2
0.072,770,2
0.072,770,2
0.072,780,2
0.072,780,2
0.072,780,2
0.072,780,2
0.072,780,2
0.072,780,2
0.072,780,2
0.072,780,2
0.072,780,2
0.072,780,2
0.072,790,4
0.072,790,4
0.072,790,4
0.072,790,4
0.072,790,4
0.072,790,4
0.072,790,4
0.072,790,4
0.072,790,4
0.072,790,4
0.072,800,2
0.072,800,2
0.072,800,2
0.072,800,2
0.072,800,2
0.072,800,2
0.072,800,2
0.072,800,2
0.072,800,2
0.072,800,2
0.072,810,3
0.072,810,3
0.072,810,3
0.072,810,3
0.072,810,3
0.072,810,3
0.072,810,3
0.072,810,3
0.072,810,3
0.072,810,3
0.072,820,32
0.072,820,32
0.072,820,32
0.072,820,32
0.072,820,32
0.072,820,32
0.072,820,32
0.072,820,32
0.072,820,32
0.072,820,32
0.072,830,3
0.072,830,3
0.072,830,3
0.072,830,3
0.072,830,3
0.072,830,3
0.072,830,3
0.072,830,3
0.072,830,3
0.072,830,3
0.072,840,3
0.072,840,3
0.072,840,3
0.072,840,3
0.072,840,3
0.072,840,3
0.072,840,3
0.072,840,3
0.072,840,3
0.072,840,3
0.072,850,4
0.072,850,4
0.072,850,4
0.072,850,4
0.072,850,4
0.072,850,4
0.072,850,4
0.072,850,4
0.072,850,4
0.072,850,4
0.072,860,3
0.072,860,3
0.072,860,3
0.072,860,3
0.072,860,3
0.072,860,3
0.072,860,3
0.072,860,3
0.072,860,3
0.072,860,3
0.072,870,3
0.072,870,3
0.072,870,3
0.072,870,3
0.072,870,3
0.072,870,3
0.072,870,3
0.072,870,3
0.072,870,3
0.072,870,3
0.072,880,2
0.072,880,2
0.072,880,2
0.072,880,2
0.072,880,2
0.072,880,2
0.072,880,2
0.072,880,2
0.072,880,2
0.072,880,2
0.072,890,3
0.072,890,3
0.072,890,3
0.072,890,3
0.072,890,3
0.072,890,3
0.072,890,3
0.072,890,3
0.072,890,3
0.072,890,3
0.072,900,7
0.072,900,7
0.072,900,7
0.072,900,7
0.072,900,7
0.072,900,7
0.072,900,7
0.072,900,7
0.072,900,7
0.072,900,7
0.072,910,33
0.072,910,33
0.072,910,33
0.072,910,33
0.072,910,33
0.072,910,33
0.072,910,33
0.072,910,33
0.072,910,33
0.072,910,33
0.072,920,33
0.072,920,33
0.072,920,33
0.072,920,33
0.072,920,33
0.072,920,33
0.072,920,33
0.072,920,33
0.072,920,33
0.072,920,33
0.072,930,34
0.072,930,34
0.072,930,34
0.072,930,34
0.072,930,34
0.072,930,34
0.072,930,34
0.072,930,34
0.072,930,34
0.072,930,34
0.072,940,32
0.072,940,32
0.072,940,32
0.072,940,32
0.072,940,32
0.072,940,32
0.072,940,32
0.072,940,32
0.072,940,32
0.072,940,32
0.072,950,30
0.072,950,30
0.072,950,30
0.072,950,30
0.072,950,30
0.072,950,30
0.072,950,30
0.072,950,30
0.072,950,30
0.072,950,30
0.072,960,30
0.072,960,30
0.072,960,30
0.072,960,30
0.072,960,30
0.072,960,30
0.072,960,30
0.072,960,30
0.072,960,30
0.072,960,30
0.072,970,32
0.072,970,32
0.072,970,32
0.072,970,32
0.072,970,32
0.072,970,32
0.072,970,32
0.072,970,32
0.072,970,32
0.072,970,32
0.072,980,32
0.072,980,32
0.072,980,32
0.072,980,32
0.072,980,32
0.072,980,32
0.072,980,32
0.072,980,32
0.072,980,32
0.072,980,32
0.072,990,32
0.072,990,32
0.072,990,32
0.072,990,32
0.072,990,32
0.072,990,32
0.072,990,32
0.072,990,32
0.072,990,32
0.072,990,32
0.072,1000,4
0.072,1000,4
0.072,1000,4
0.072,1000,4
0.072,1000,4
0.072,1000,4
0.072,1000,4
0.072,1000,4
0.072,1000,4
0.072,1000,4
0.072,1010,28
0.072,1010,28
0.072,1010,28
0.072,1010,28
0.072,1010,28
0.072,1010,28
0.072,1010,28
0.072,1010,28
0.072,1010,28
0.072,1010,28
0.072,1020,33
0.072,1020,33
0.072,1020,33
0.072,1020,33
0.072,1020,33
0.072,1020,33
0.072,1020,33
0.072,1020,33
0.072,1020,33
0.072,1020,33
0.072,1030,32
0.072,1030,32
0.072,1030,32
0.072,1030,32
0.072,1030,32
0.072,1030,32
0.072,1030,32
0.072,1030,32
0.072,1030,32
0.072,1030,32
0.072,1040,33
0.072,1040,33
0.072,1040,33
0.072,1040,33
0.072,1040,33
0.072,1040,33
0.072,1040,33
0.072,1040,33
0.072,1040,33
0.072,1040,33
0.072,1050,33
0.072,1050,33
0.072,1050,33
0.072,1050,33
0.072,1050,33
0.072,1050,33
0.072,1050,33
0.072,1050,33
0.072,1050,33
0.072,1050,33
0.072,1060,32
0.072,1060,32
0.072,1060,32
0.072,1060,32
0.072,1060,32
0.072,1060,32
0.072,1060,32
0.072,1060,32
0.072,1060,32
0.072,1060,32
0.072,1070,32
0.072,1070,32
0.072,1070,32
0.072,1070,32
0.072,1070,32
0.072,1070,32
0.072,1070,32
0.072,1070,32
0.072,1070,32
0.072,1070,32
0.072,1080,32
0.072,1080,32
0.072,1080,32
0.072,1080,32
0.072,1080,32
0.072,1080,32
0.072,1080,32
0.072,1080,32
0.072,1080,32
0.072,1080,32
0.072,1090,32
0.072,1090,32
0.072,1090,32
0.072,1090,32
0.072,1090,32
0.072,1090,32
0.072,1090,32
0.072,1090,32
0.072,1090,32
0.072,1090,32
0.072,1100,32
0.072,1100,32
0.072,1100,32
0.072,1100,32
0.072,1100,32
0.072,1100,32
0.072,1100,32
0.072,1100,32
0.072,1100,32
0.072,1100,32
0.072,1110,32
0.072,1110,32
0.072,1110,32
0.072,1110,32
0.072,1110,32
0.072,1110,32
0.072,1110,32
0.072,1110,32
0.072,1110,32
0.072,1110,32
0.072,1120,32
0.072,1120,32
0.072,1120,32
0.072,1120,32
0.072,1120,32
0.072,1120,32
0.072,1120,32
0.072,1120,32
0.072,1120,32
0.072,1120,32
0.072,1130,32
0.072,1130,32
0.072,1130,32
0.072,1130,32
0.072,1130,32
0.072,1130,32
0.072,1130,32
0.072,1130,32
0.072,1130,32
0.072,1130,32
0.072,1140,32
0.072,1140,32
0.072,1140,32
0.072,1140,32
0.072,1140,32
0.072,1140,32
0.072,1140,32
0.072,1140,32
0.072,1140,32
0.072,1140,32
0.072,1150,33
0.072,1150,33
0.072,1150,33
0.072,1150,33
0.072,1150,33
0.072,1150,33
0.072,1150,33
0.072,1150,33
0.072,1150,33
0.072,1150,33
0.072,1160,5
0.072,1160,5
0.072,1160,5
0.072,1160,5
0.072,1160,5
0.072,1160,5
0.072,1160,5
0.072,1160,5
0.072,1160,5
0.072,1160,5
0.072,1170,33
0.072,1170,33
0.072,1170,33
0.072,1170,33
0.072,1170,33
0.072,1170,33
0.072,1170,33
0.072,1170,33
0.072,1170,33
0.072,1170,33
0.072,1180,33
0.072,1180,33
0.072,1180,33
0.072,1180,33
0.072,1180,33
0.072,1180,33
0.072,1180,33
0.072,1180,33
0.072,1180,33
0.072,1180,33
0.072,1190,33
0.072,1190,33
0.072,1190,33
0.072,1190,33
0.072,1190,33
0.072,1190,33
0.072,1190,33
0.072,1190,33
0.072,1190,33
0.072,1190,33
0.072,1200,30
0.072,1200,30
0.072,1200,30
0.072,1200,30
0.072,1200,30
0.072,1200,30
0.072,1200,30
0.072,1200,30
0.072,1200,30
0.072,1200,30
0.072,1210,32
0.072,1210,32
0.072,1210,32
0.072,1210,32
0.072,1210,32
0.072,1210,32
0.072,1210,32
0.072,1210,32
0.072,1210,32
0.072,1210,32
0.072,1220,32
0.072,1220,32
0.072,1220,32
0.072,1220,32
0.072,1220,32
0.072,1220,32
0.072,1220,32
0.072,1220,32
0.072,1220,32
0.072,1220,32
0.072,1230,32
0.072,1230,32
0.072,1230,32
0.072,1230,32
0.072,1230,32
0.072,1230,32
0.072,1230,32
0.072,1230,32
0.072,1230,32
0.072,1230,32
0.072,1240,32
0.072,1240,32
0.072,1240,32
0.072,1240,32
0.072,1240,32
0.072,1240,32
0.072,1240,32
0.072,1240,32
0.072,1240,32
0.072,1240,32
0.072,1250,32
0.072,1250,32
0.072,1250,32
0.072,1250,32
0.072,1250,32
0.072,1250,32
0.072,1250,32
0.072,1250,32
0.072,1250,32
0.072,1250,32
0.072,1260,32
0.072,1260,32
0.072,1260,32
0.072,1260,32
0.072,1260,32
0.072,1260,32
0.072,1260,32
0.072,1260,32
0.072,1260,32
0.072,1260,32
0.072,1270,33
0.072,1270,33
0.072,1270,33
0.072,1270,33
0.072,1270,33
0.072,1270,33
0.072,1270,33
0.072,1270,33
0.072,1270,33
0.072,1270,33
0.072,1280,32
0.072,1280,32
0.072,1280,32
0.072,1280,32
0.072,1280,32
0.072,1280,32
0.072,1280,32
0.072,1280,32
0.072,1280,32
0.072,1280,32
0.072,1290,32
0.072,1290,32
0.072,1290,32
0.072,1290,32
0.072,1290,32
0.072,1290,32
0.072,1290,32
0.072,1290,32
0.072,1290,32
0.072,1290,32
0.072,1300,32
0.072,1300,32
0.072,1300,32
0.072,1300,32
0.072,1300,32
0.072,1300,32
0.072,1300,32
0.072,1300,32
0.072,1300,32
0.072,1300,32
0.072,1310,32
0.072,1310,32
0.072,1310,32
0.072,1310,32
0.072,1310,32
0.072,1310,32
0.072,1310,32
0.072,1310,32
0.072,1310,32
0.072,1310,32
0.072,1320,32
0.072,1320,32
0.072,1320,32
0.072,1320,32
0.072,1320,32
0.072,1320,32
0.072,1320,32
0.072,1320,32
0.072,1320,32
0.072,1320,32
0.072,1330,32
0.072,1330,32
0.072,1330,32
0.072,1330,32
0.072,1330,32
0.072,1330,32
0.072,1330,32
0.072,1330,32
0.072,1330,32
0.072,1330,32
0.072,1340,32
0.072,1340,32
0.072,1340,32
0.072,1340,32
0.072,1340,32
0.072,1340,32
0.072,1340,32
0.072,1340,32
0.072,1340,32
0.072,1340,32
0.072,1350,34
0.072,1350,34
0.072,1350,34
0.072,1350,34
0.072,1350,34
0.072,1350,34
0.072,1350,34
0.072,1350,34
0.072,1350,34
0.072,1350,34
0.072,1360,32
0.072,1360,32
0.072,1360,32
0.072,1360,32
0.072,1360,32
0.072,1360,32
0.072,1360,32
0.072,1360,32
0.072,1360,32
0.072,1360,32
0.072,1370,33
0.072,1370,33
0.072,1370,33
0.072,1370,33
0.072,1370,33
0.072,1370,33
0.072,1370,33
0.072,1370,33
0.072,1370,33
0.072,1370,33
0.072,1380,33
0.072,1380,33
0.072,1380,33
0.072,1380,33
0.072,1380,33
0.072,1380,33
0.072,1380,33
0.072,1380,33
0.072,1380,33
0.072,1380,33
0.072,1390,31
0.072,1390,31
0.072,1390,31
0.072,1390,31
0.072,1390,31
0.072,1390,31
0.072,1390,31
0.072,1390,31
0.072,1390,31
0.072,1390,31
0.072,1400,32
0.072,1400,32
0.072,1400,32
0.072,1400,32
0.072,1400,32
0.072,1400,32
0.072,1400,32
0.072,1400,32
0.072,1400,32
0.072,1400,32
0.072,1410,32
0.072,1410,32
0.072,1410,32
0.072,1410,32
0.072,1410,32
0.072,1410,32
0.072,1410,32
0.072,1410,32
0.072,1410,32
0.072,1410,32
0.072,1420,32
0.072,1420,32
0.072,1420,32
0.072,1420,32
0.072,1420,32
0.072,1420,32
0.072,1420,32
0.072,1420,32
0.072,1420,32
0.072,1420,32
0.072,1430,32
0.072,1430,32
0.072,1430,32
0.072,1430,32
0.072,1430,32
0.072,1430,32
0.072,1430,32
0.072,1430,32
0.072,1430,32
0.072,1430,32
0.072,1440,32
0.072,1440,32
0.072,1440,32
0.072,1440,32
0.072,1440,32
0.072,1440,32
0.072,1440,32
0.072,1440,32
0.072,1440,32
0.072,1440,32
0.072,1450,33
0.072,1450,33
0.072,1450,33
0.072,1450,33
0.072,1450,33
0.072,1450,33
0.072,1450,33
0.072,1450,33
0.072,1450,33
0.072,1450,33
0.072,1460,33
0.072,1460,33
0.072,1460,33
0.072,1460,33
0.072,1460,33
0.072,1460,33
0.072,1460,33
0.072,1460,33
0.072,1460,33
0.072,1460,33
0.072,1470,33
0.072,1470,33
0.072,1470,33
0.072,1470,33
0.072,1470,33
0.072,1470,33
0.072,1470,33
0.072,1470,33
0.072,1470,33
0.072,1470,33
0.072,1480,34
0.072,1480,34
0.072,1480,34
0.072,1480,34
0.072,1480,34
0.072,1480,34
0.072,1480,34
0.072,1480,34
0.072,1480,34
0.072,1480,34
0.072,1490,32
0.072,1490,32
0.072,1490,32
0.072,1490,32
0.072,1490,32
0.072,1490,32
0.072,1490,32
0.072,1490,32
0.072,1490,32
0.072,1490,32
0.072,1500,32
0.072,1500,32
0.072,1500,32
0.072,1500,32
0.072,1500,32
0.072,1500,32
0.072,1500,32
0.072,1500,32
0.072,1500,32
0.072,1500,32
0.072,1510,32
0.072,1510,32
0.072,1510,32
0.072,1510,32
0.072,1510,32
0.072,1510,32
0.072,1510,32
0.072,1510,32
0.072,1510,32
0.072,1510,32
0.072,1520,32
0.072,1520,32
0.072,1520,32
0.072,1520,32
0.072,1520,32
0.072,1520,32
0.072,1520,32
0.072,1520,32
0.072,1520,32
0.072,1520,32
0.072,1530,32
0.072,1530,32
0.072,1530,32
0.072,1530,32
0.072,1530,32
0.072,1530,32
0.072,1530,32
0.072,1530,32
0.072,1530,32
0.072,1530,32
0.072,1540,32
0.072,1540,32
0.072,1540,32
0.072,1540,32
0.072,1540,32
0.072,1540,32
0.072,1540,32
0.072,1540,32
0.072,1540,32
0.072,1540,32
0.072,1550,33
0.072,1550,33
0.072,1550,33
0.072,1550,33
0.072,1550,33
0.072,1550,33
0.072,1550,33
0.072,1550,33
0.072,1550,33
0.072,1550,33
0.072,1560,33
0.072,1560,33
0.072,1560,33
0.072,1560,33
0.072,1560,33
0.072,1560,33
0.072,1560,33
0.072,1560,33
0.072,1560,33
0.072,1560,33
0.072,1570,32
0.072,1570,32
0.072,1570,32
0.072,1570,32
0.072,1570,32
0.072,1570,32
0.072,1570,32
0.072,1570,32
0.072,1570,32
0.072,1570,32
0.072,1580,32
0.072,1580,32
0.072,1580,32
0.072,1580,32
0.072,1580,32
0.072,1580,32
0.072,1580,32
0.072,1580,32
0.072,1580,32
0.072,1580,32
0.072,1590,32
0.072,1590,32
0.072,1590,32
0.072,1590,32
0.072,1590,32
0.072,1590,32
0.072,1590,32
0.072,1590,32
0.072,1590,32
0.072,1590,32
0.072,1600,32
0.072,1600,32
0.072,1600,32
0.072,1600,32
0.072,1600,32
0.072,1600,32
0.072,1600,32
0.072,1600,32
0.072,1600,32
0.072,1600,32
0.072,1610,32
0.072,1610,32
0.072,1610,32
0.072,1610,32
0.072,1610,32
0.072,1610,32
0.072,1610,32
0.072,1610,32
0.072,1610,32
0.072,1610,32
0.072,1620,32
0.072,1620,32
0.072,1620,32
0.072,1620,32
0.072,1620,32
0.072,1620,32
0.072,1620,32
0.072,1620,32
0.072,1620,32
0.072,1620,32
0.072,1630,32
0.072,1630,32
0.072,1630,32
0.072,1630,32
0.072,1630,32
0.072,1630,32
0.072,1630,32
0.072,1630,32
0.072,1630,32
0.072,1630,32
0.072,1640,32
0.072,1640,32
0.072,1640,32
0.072,1640,32
0.072,1640,32
0.072,1640,32
0.072,1640,32
0.072,1640,32
0.072,1640,32
0.072,1640,32
0.072,1650,32
0.072,1650,32
0.072,1650,32
0.072,1650,32
0.072,1650,32
0.072,1650,32
0.072,1650,32
0.072,1650,32
0.072,1650,32
0.072,1650,32
0.072,1660,32
0.072,1660,32
0.072,1660,32
0.072,1660,32
0.072,1660,32
0.072,1660,32
0.072,1660,32
0.072,1660,32
0.072,1660,32
0.072,1660,32
0.072,1670,32
0.072,1670,32
0.072,1670,32
0.072,1670,32
0.072,1670,32
0.072,1670,32
0.072,1670,32
0.072,1670,32
0.072,1670,32
0.072,1670,32
0.072,1680,32
0.072,1680,32
0.072,1680,32
0.072,1680,32
0.072,1680,32
0.072,1680,32
0.072,1680,32
0.072,1680,32
0.072,1680,32
0.072,1680,32
0.072,1690,32
0.072,1690,32
0.072,1690,32
0.072,1690,32
0.072,1690,32
0.072,1690,32
0.072,1690,32
0.072,1690,32
0.072,1690,32
0.072,1690,32
0.072,1700,32
0.072,1700,32
0.072,1700,32
0.072,1700,32
0.072,1700,32
0.072,1700,32
0.072,1700,32
0.072,1700,32
0.072,1700,32
0.072,1700,32
0.072,1710,33
0.072,1710,33
0.072,1710,33
0.072,1710,33
0.072,1710,33
0.072,1710,33
0.072,1710,33
0.072,1710,33
0.072,1710,33
0.072,1710,33
0.072,1720,32
0.072,1720,32
0.072,1720,32
0.072,1720,32
0.072,1720,32
0.072,1720,32
0.072,1720,32
0.072,1720,32
0.072,1720,32
0.072,1720,32
0.072,1730,32
0.072,1730,32
0.072,1730,32
0.072,1730,32
0.072,1730,32
0.072,1730,32
0.072,1730,32
0.072,1730,32
0.072,1730,32
0.072,1730,32
0.072,1740,32
0.072,1740,32
0.072,1740,32
0.072,1740,32
0.072,1740,32
0.072,1740,32
0.072,1740,32
0.072,1740,32
0.072,1740,32
0.072,1740,32
0.072,1750,32
0.072,1750,32
0.072,1750,32
0.072,1750,32
0.072,1750,32
0.072,1750,32
0.072,1750,32
0.072,1750,32
0.072,1750,32
0.072,1750,32
0.072,1760,32
0.072,1760,32
0.072,1760,32
0.072,1760,32
0.072,1760,32
0.072,1760,32
0.072,1760,32
0.072,1760,32
0.072,1760,32
0.072,1760,32
0.072,1770,32
0.072,1770,32
0.072,1770,32
0.072,1770,32
0.072,1770,32
0.072,1770,32
0.072,1770,32
0.072,1770,32
0.072,1770,32
0.072,1770,32
0.072,1780,32
0.072,1780,32
0.072,1780,32
0.072,1780,32
0.072,1780,32
0.072,1780,32
0.072,1780,32
0.072,1780,32
0.072,1780,32
0.072,1780,32
0.072,1790,32
0.072,1790,32
0.072,1790,32
0.072,1790,32
0.072,1790,32
0.072,1790,32
0.072,1790,32
0.072,1790,32
0.072,1790,32
0.072,1790,32
0.072,1800,32
0.072,1800,32
0.072,1800,32
0.072,1800,32
0.072,1800,32
0.072,1800,32
0.072,1800,32
0.072,1800,32
0.072,1800,32
0.072,1800,32
0.072,1810,32
0.072,1810,32
0.072,1810,32
0.072,1810,32
0.072,1810,32
0.072,1810,32
0.072,1810,32
0.072,1810,32
0.072,1810,32
0.072,1810,32
0.072,1820,32
0.072,1820,32
0.072,1820,32
0.072,1820,32
0.072,1820,32
0.072,1820,32
0.072,1820,32
0.072,1820,32
0.072,1820,32
0.072,1820,32
0.072,1830,32
0.072,1830,32
0.072,1830,32
0.072,1830,32
0.072,1830,32
0.072,1830,32
0.072,1830,32
0.072,1830,32
0.072,1830,32
0.072,1830,32
0.072,1840,32
0.072,1840,32
0.072,1840,32
0.072,1840,32
0.072,1840,32
0.072,1840,32
0.072,1840,32
0.072,1840,32
0.072,1840,32
0.072,1840,32
0.072,1850,32
0.072,1850,32
0.072,1850,32
0.072,1850,32
0.072,1850,32
0.072,1850,32
0.072,1850,32
0.072,1850,32
0.072,1850,32
0.072,1850,32
0.072,1860,32
0.072,1860,32
0.072,1860,32
0.072,1860,32
0.072,1860,32
0.072,1860,32
0.072,1860,32
0.072,1860,32
0.072,1860,32
0.072,1860,32
0.072,1870,32
0.072,1870,32
0.072,1870,32
0.072,1870,32
0.072,1870,32
0.072,1870,32
0.072,1870,32
0.072,1870,32
0.072,1870,32
0.072,1870,32
0.072,1880,32
0.072,1880,32
0.072,1880,32
0.072,1880,32
0.072,1880,32
0.072,1880,32
0.072,1880,32
0.072,1880,32
0.072,1880,32
0.072,1880,32
0.072,1890,32
0.072,1890,32
0.072,1890,32
0.072,1890,32
0.072,1890,32
0.072,1890,32
0.072,1890,32
0.072,1890,32
0.072,1890,32
0.072,1890,32
0.072,1900,32
0.072,1900,32
0.072,1900,32
0.072,1900,32
0.072,1900,32
0.072,1900,32
0.072,1900,32
0.072,1900,32
0.072,1900,32
0.072,1900,32
0.072,1910,32
0.072,1910,32
0.072,1910,32
0.072,1910,32
0.072,1910,32
0.072,1910,32
0.072,1910,32
0.072,1910,32
0.072,1910,32
0.072,1910,32
0.072,1920,32
0.072,1920,32
0.072,1920,32
0.072,1920,32
0.072,1920,32
0.072,1920,32
0.072,1920,32
0.072,1920,32
0.072,1920,32
0.072,1920,32
0.072,1930,32
0.072,1930,32
0.072,1930,32
0.072,1930,32
0.072,1930,32
0.072,1930,32
0.072,1930,32
0.072,1930,32
0.072,1930,32
0.072,1930,32
0.072,1940,32
0.072,1940,32
0.072,1940,32
0.072,1940,32
0.072,1940,32
0.072,1940,32
0.072,1940,32
0.072,1940,32
0.072,1940,32
0.072,1940,32
0.072,1950,33
0.072,1950,33
0.072,1950,33
0.072,1950,33
0.072,1950,33
0.072,1950,33
0.072,1950,33
0.072,1950,33
0.072,1950,33
0.072,1950,33
0.072,1960,32
0.072,1960,32
0.072,1960,32
0.072,1960,32
0.072,1960,32
0.072,1960,32
0.072,1960,32
0.072,1960,32
0.072,1960,32
0.072,1960,32
0.072,1970,33
0.072,1970,33
0.072,1970,33
0.072,1970,33
0.072,1970,33
0.072,1970,33
0.072,1970,33
0.072,1970,33
0.072,1970,33
0.072,1970,33
0.072,1980,32
0.072,1980,32
0.072,1980,32
0.072,1980,32
0.072,1980,32
0.072,1980,32
0.072,1980,32
0.072,1980,32
0.072,1980,32
0.072,1980,32
0.072,1990,32
0.072,1990,32
0.072,1990,32
0.072,1990,32
0.072,1990,32
0.072,1990,32
0.072,1990,32
0.072,1990,32
0.072,1990,32
0.072,1990,32
0.072,2000,32
0.072,2000,32
0.072,2000,32
0.072,2000,32
0.072,2000,32
0.072,2000,32
0.072,2000,32
0.072,2000,32
0.072,2000,32
0.072,2000,32
0.072,2010,32
0.072,2010,32
0.072,2010,32
0.072,2010,32
0.072,2010,32
0.072,2010,32
0.072,2010,32
0.072,2010,32
0.072,2010,32
0.072,2010,32
0.072,2020,32
0.072,2020,32
0.072,2020,32
0.072,2020,32
0.072,2020,32
0.072,2020,32
0.072,2020,32
0.072,2020,32
0.072,2020,32
0.072,2020,32
0.072,2030,32
0.072,2030,32
0.072,2030,32
0.072,2030,32
0.072,2030,32
0.072,2030,32
0.072,2030,32
0.072,2030,32
0.072,2030,32
0.072,2030,32
0.072,2040,32
0.072,2040,32
0.072,2040,32
0.072,2040,32
0.072,2040,32
0.072,2040,32
0.072,2040,32
0.072,2040,32
0.072,2040,32
0.072,2040,32
0.072,2050,32
0.072,2050,32
0.072,2050,32
0.072,2050,32
0.072,2050,32
0.072,2050,32
0.072,2050,32
0.072,2050,32
0.072,2050,32
0.072,2050,32
0.072,2060,32
0.072,2060,32
0.072,2060,32
0.072,2060,32
0.072,2060,32
0.072,2060,32
0.072,2060,32
0.072,2060,32
0.072,2060,32
0.072,2060,32
0.072,2070,32
0.072,2070,32
0.072,2070,32
0.072,2070,32
0.072,2070,32
0.072,2070,32
0.072,2070,32
0.072,2070,32
0.072,2070,32
0.072,2070,32
0.072,2080,32
0.072,2080,32
0.072,2080,32
0.072,2080,32
0.072,2080,32
0.072,2080,32
0.072,2080,32
0.072,2080,32
0.072,2080,32
0.072,2080,32
0.072,2090,32
0.072,2090,32
0.072,2090,32
0.072,2090,32
0.072,2090,32
0.072,2090,32
0.072,2090,32
0.072,2090,32
0.072,2090,32
0.072,2090,32
0.072,2100,32
0.072,2100,32
0.072,2100,32
0.072,2100,32
0.072,2100,32
0.072,2100,32
0.072,2100,32
0.072,2100,32
0.072,2100,32
0.072,2100,32
0.072,2110,32
0.072,2110,32
0.072,2110,32
0.072,2110,32
0.072,2110,32
0.072,2110,32
0.072,2110,32
0.072,2110,32
0.072,2110,32
0.072,2110,32
0.072,2120,32
0.072,2120,32
0.072,2120,32
0.072,2120,32
0.072,2120,32
0.072,2120,32
0.072,2120,32
0.072,2120,32
0.072,2120,32
0.072,2120,32
0.072,2130,32
0.072,2130,32
0.072,2130,32
0.072,2130,32
0.072,2130,32
0.072,2130,32
0.072,2130,32
0.072,2130,32
0.072,2130,32
0.072,2130,32
0.072,2140,32
0.072,2140,32
0.072,2140,32
0.072,2140,32
0.072,2140,32
0.072,2140,32
0.072,2140,32
0.072,2140,32
0.072,2140,32
0.072,2140,32
0.072,2150,32
0.072,2150,32
0.072,2150,32
0.072,2150,32
0.072,2150,32
0.072,2150,32
0.072,2150,32
0.072,2150,32
0.072,2150,32
0.072,2150,32
0.072,2160,32
0.072,2160,32
0.072,2160,32
0.072,2160,32
0.072,2160,32
0.072,2160,32
0.072,2160,32
0.072,2160,32
0.072,2160,32
0.072,2160,32
0.072,2170,32
0.072,2170,32
0.072,2170,32
0.072,2170,32
0.072,2170,32
0.072,2170,32
0.072,2170,32
0.072,2170,32
0.072,2170,32
0.072,2170,32
0.072,2180,32
0.072,2180,32
0.072,2180,32
0.072,2180,32
0.072,2180,32
0.072,2180,32
0.072,2180,32
0.072,2180,32
0.072,2180,32
0.072,2180,32
0.072,2190,32
0.072,2190,32
0.072,2190,32
0.072,2190,32
0.072,2190,32
0.072,2190,32
0.072,2190,32
0.072,2190,32
0.072,2190,32
0.072,2190,32
0.072,2200,32
0.072,2200,32
0.072,2200,32
0.072,2200,32
0.072,2200,32
0.072,2200,32
0.072,2200,32
0.072,2200,32
0.072,2200,32
0.072,2200,32
0.072,2210,32
0.072,2210,32
0.072,2210,32
0.072,2210,32
0.072,2210,32
0.072,2210,32
0.072,2210,32
0.072,2210,32
0.072,2210,32
0.072,2210,32
0.072,2220,32
0.072,2220,32
0.072,2220,32
0.072,2220,32
0.072,2220,32
0.072,2220,32
0.072,2220,32
0.072,2220,32
0.072,2220,32
0.072,2220,32
0.072,2230,33
0.072,2230,33
0.072,2230,33
0.072,2230,33
0.072,2230,33
0.072,2230,33
0.072,2230,33
0.072,2230,33
0.072,2230,33
0.072,2230,33
0.072,2240,33
0.072,2240,33
0.072,2240,33
0.072,2240,33
0.072,2240,33
0.072,2240,33
0.072,2240,33
0.072,2240,33
0.072,2240,33
0.072,2240,33
0.072,2250,32
0.072,2250,32
0.072,2250,32
0.072,2250,32
0.072,2250,32
0.072,2250,32
0.072,2250,32
0.072,2250,32
0.072,2250,32
0.072,2250,32
0.072,2260,32
0.072,2260,32
0.072,2260,32
0.072,2260,32
0.072,2260,32
0.072,2260,32
0.072,2260,32
0.072,2260,32
0.072,2260,32
0.072,2260,32
0.072,2270,32
0.072,2270,32
0.072,2270,32
0.072,2270,32
0.072,2270,32
0.072,2270,32
0.072,2270,32
0.072,2270,32
0.072,2270,32
0.072,2270,32
0.072,2280,33
0.072,2280,33
0.072,2280,33
0.072,2280,33
0.072,2280,33
0.072,2280,33
0.072,2280,33
0.072,2280,33
0.072,2280,33
0.072,2280,33
0.072,2290,32
0.072,2290,32
0.072,2290,32
0.072,2290,32
0.072,2290,32
0.072,2290,32
0.072,2290,32
0.072,2290,32
0.072,2290,32
0.072,2290,32
0.072,2300,32
0.072,2300,32
0.072,2300,32
0.072,2300,32
0.072,2300,32
0.072,2300,32
0.072,2300,32
0.072,2300,32
0.072,2300,32
0.072,2300,32
0.072,2310,32
0.072,2310,32
0.072,2310,32
0.072,2310,32
0.072,2310,32
0.072,2310,32
0.072,2310,32
0.072,2310,32
0.072,2310,32
0.072,2310,32
0.072,2320,32
0.072,2320,32
0.072,2320,32
0.072,2320,32
0.072,2320,32
0.072,2320,32
0.072,2320,32
0.072,2320,32
0.072,2320,32
0.072,2320,32
0.072,2330,32
0.072,2330,32
0.072,2330,32
0.072,2330,32
0.072,2330,32
0.072,2330,32
0.072,2330,32
0.072,2330,32
0.072,2330,32
0.072,2330,32
0.072,2340,33
0.072,2340,33
0.072,2340,33
0.072,2340,33
0.072,2340,33
0.072,2340,33
0.072,2340,33
0.072,2340,33
0.072,2340,33
0.072,2340,33
0.072,2350,33
0.072,2350,33
0.072,2350,33
0.072,2350,33
0.072,2350,33
0.072,2350,33
0.072,2350,33
0.072,2350,33
0.072,2350,33
0.072,2350,33
0.072,2360,32
0.072,2360,32
0.072,2360,32
0.072,2360,32
0.072,2360,32
0.072,2360,32
0.072,2360,32
0.072,2360,32
0.072,2360,32
0.072,2360,32
0.072,2370,32
0.072,2370,32
0.072,2370,32
0.072,2370,32
0.072,2370,32
0.072,2370,32
0.072,2370,32
0.072,2370,32
0.072,2370,32
0.072,2370,32
0.072,2380,33
0.072,2380,33
0.072,2380,33
0.072,2380,33
0.072,2380,33
0.072,2380,33
0.072,2380,33
0.072,2380,33
0.072,2380,33
0.072,2380,33
0.072,2390,33
0.072,2390,33
0.072,2390,33
0.072,2390,33
0.072,2390,33
0.072,2390,33
0.072,2390,33
0.072,2390,33
0.072,2390,33
0.072,2390,33
0.072,2400,32
0.072,2400,32
0.072,2400,32
0.072,2400,32
0.072,2400,32
0.072,2400,32
0.072,2400,32
0.072,2400,32
0.072,2400,32
0.072,2400,32
0.072,2410,32
0.072,2410,32
0.072,2410,32
0.072,2410,32
0.072,2410,32
0.072,2410,32
0.072,2410,32
0.072,2410,32
0.072,2410,32
0.072,2410,32
0.072,2420,32
0.072,2420,32
0.072,2420,32
0.072,2420,32
0.072,2420,32
0.072,2420,32
0.072,2420,32
0.072,2420,32
0.072,2420,32
0.072,2420,32
0.072,2430,32
0.072,2430,32
0.072,2430,32
0.072,2430,32
0.072,2430,32
0.072,2430,32
0.072,2430,32
0.072,2430,32
0.072,2430,32
0.072,2430,32
0.072,2440,32
0.072,2440,32
0.072,2440,32
0.072,2440,32
0.072,2440,32
0.072,2440,32
0.072,2440,32
0.072,2440,32
0.072,2440,32
0.072,2440,32
0.072,2450,32
0.072,2450,32
0.072,2450,32
0.072,2450,32
0.072,2450,32
0.072,2450,32
0.072,2450,32
0.072,2450,32
0.072,2450,32
0.072,2450,32
0.072,2460,33
0.072,2460,33
0.072,2460,33
0.072,2460,33
0.072,2460,33
0.072,2460,33
0.072,2460,33
0.072,2460,33
0.072,2460,33
0.072,2460,33
0.072,2470,33
0.072,2470,33
0.072,2470,33
0.072,2470,33
0.072,2470,33
0.072,2470,33
0.072,2470,33
0.072,2470,33
0.072,2470,33
0.072,2470,33
0.072,2480,32
0.072,2480,32
0.072,2480,32
0.072,2480,32
0.072,2480,32
0.072,2480,32
0.072,2480,32
0.072,2480,32
0.072,2480,32
0.072,2480,32
0.072,2490,32
0.072,2490,32
0.072,2490,32
0.072,2490,32
0.072,2490,32
0.072,2490,32
0.072,2490,32
0.072,2490,32
0.072,2490,32
0.072,2490,32
0.072,2500,33
0.072,2500,33
0.072,2500,33
0.072,2500,33
0.072,2500,33
0.072,2500,33
0.072,2500,33
0.072,2500,33
0.072,2500,33
0.072,2500,33
0.072,2510,33
0.072,2510,33
0.072,2510,33
0.072,2510,33
0.072,2510,33
0.072,2510,33
0.072,2510,33
0.072,2510,33
0.072,2510,33
0.072,2510,33
0.072,2520,33
0.072,2520,33
0.072,2520,33
0.072,2520,33
0.072,2520,33
0.072,2520,33
0.072,2520,33
0.072,2520,33
0.072,2520,33
0.072,2520,33
0.072,2530,33
0.072,2530,33
0.072,2530,33
0.072,2530,33
0.072,2530,33
0.072,2530,33
0.072,2530,33
0.072,2530,33
0.072,2530,33
0.072,2530,33
0.072,2540,33
0.072,2540,33
0.072,2540,33
0.072,2540,33
0.072,2540,33
0.072,2540,33
0.072,2540,33
0.072,2540,33
0.072,2540,33
0.072,2540,33
0.072,2550,33
0.072,2550,33
0.072,2550,33
0.072,2550,33
0.072,2550,33
0.072,2550,33
0.072,2550,33
0.072,2550,33
0.072,2550,33
0.072,2550,33
0.072,2560,33
0.072,2560,33
0.072,2560,33
0.072,2560,33
0.072,2560,33
0.072,2560,33
0.072,2560,33
0.072,2560,33
0.072,2560,33
0.072,2560,33
0.072,2570,33
0.072,2570,33
0.072,2570,33
0.072,2570,33
0.072,2570,33
0.072,2570,33
0.072,2570,33
0.072,2570,33
0.072,2570,33
0.072,2570,33
0.072,2580,32
0.072,2580,32
0.072,2580,32
0.072,2580,32
0.072,2580,32
0.072,2580,32
0.072,2580,32
0.072,2580,32
0.072,2580,32
0.072,2580,32
0.072,2590,33
0.072,2590,33
0.072,2590,33
0.072,2590,33
0.072,2590,33
0.072,2590,33
0.072,2590,33
0.072,2590,33
0.072,2590,33
0.072,2590,33
0.072,2600,33
0.072,2600,33
0.072,2600,33
0.072,2600,33
0.072,2600,33
0.072,2600,33
0.072,2600,33
0.072,2600,33
0.072,2600,33
0.072,2600,33
0.072,2610,32
0.072,2610,32
0.072,2610,32
0.072,2610,32
0.072,2610,32
0.072,2610,32
0.072,2610,32
0.072,2610,32
0.072,2610,32
0.072,2610,32
0.072,2620,33
0.072,2620,33
0.072,2620,33
0.072,2620,33
0.072,2620,33
0.072,2620,33
0.072,2620,33
0.072,2620,33
0.072,2620,33
0.072,2620,33
0.072,2630,32
0.072,2630,32
0.072,2630,32
0.072,2630,32
0.072,2630,32
0.072,2630,32
0.072,2630,32
0.072,2630,32
0.072,2630,32
0.072,2630,32
0.072,2640,32
0.072,2640,32
0.072,2640,32
0.072,2640,32
0.072,2640,32
0.072,2640,32
0.072,2640,32
0.072,2640,32
0.072,2640,32
0.072,2640,32
0.072,2650,33
0.072,2650,33
0.072,2650,33
0.072,2650,33
0.072,2650,33
0.072,2650,33
0.072,2650,33
0.072,2650,33
0.072,2650,33
0.072,2650,33
0.072,2660,33
0.072,2660,33
0.072,2660,33
0.072,2660,33
0.072,2660,33
0.072,2660,33
0.072,2660,33
0.072,2660,33
0.072,2660,33
0.072,2660,33
0.072,2670,33
0.072,2670,33
0.072,2670,33
0.072,2670,33
0.072,2670,33
0.072,2670,33
0.072,2670,33
0.072,2670,33
0.072,2670,33
0.072,2670,33
0.072,2680,32
0.072,2680,32
0.072,2680,32
0.072,2680,32
0.072,2680,32
0.072,2680,32
0.072,2680,32
0.072,2680,32
0.072,2680,32
0.072,2680,32
0.072,2690,33
0.072,2690,33
0.072,2690,33
0.072,2690,33
0.072,2690,33
0.072,2690,33
0.072,2690,33
0.072,2690,33
0.072,2690,33
0.072,2690,33
0.072,2700,33
0.072,2700,33
0.072,2700,33
0.072,2700,33
0.072,2700,33
0.072,2700,33
0.072,2700,33
0.072,2700,33
0.072,2700,33
0.072,2700,33
0.072,2710,32
0.072,2710,32
0.072,2710,32
0.072,2710,32
0.072,2710,32
0.072,2710,32
0.072,2710,32
0.072,2710,32
0.072,2710,32
0.072,2710,32
0.072,2720,32
0.072,2720,32
0.072,2720,32
0.072,2720,32
0.072,2720,32
0.072,2720,32
0.072,2720,32
0.072,2720,32
0.072,2720,32
0.072,2720,32
0.072,2730,32
0.072,2730,32
0.072,2730,32
0.072,2730,32
0.072,2730,32
0.072,2730,32
0.072,2730,32
0.072,2730,32
0.072,2730,32
0.072,2730,32
0.072,2740,32
0.072,2740,32
0.072,2740,32
0.072,2740,32
0.072,2740,32
0.072,2740,32
0.072,2740,32
0.072,2740,32
0.072,2740,32
0.072,2740,32
0.072,2750,33
0.072,2750,33
0.072,2750,33
0.072,2750,33
0.072,2750,33
0.072,2750,33
0.072,2750,33
0.072,2750,33
0.072,2750,33
0.072,2750,33
0.072,2760,33
0.072,2760,33
0.072,2760,33
0.072,2760,33
0.072,2760,33
0.072,2760,33
0.072,2760,33
0.072,2760,33
0.072,2760,33
0.072,2760,33
0.072,2770,32
0.072,2770,32
0.072,2770,32
0.072,2770,32
0.072,2770,32
0.072,2770,32
0.072,2770,32
0.072,2770,32
0.072,2770,32
0.072,2770,32
0.072,2780,32
0.072,2780,32
0.072,2780,32
0.072,2780,32
0.072,2780,32
0.072,2780,32
0.072,2780,32
0.072,2780,32
0.072,2780,32
0.072,2780,32
0.072,2790,32
0.072,2790,32
0.072,2790,32
0.072,2790,32
0.072,2790,32
0.072,2790,32
0.072,2790,32
0.072,2790,32
0.072,2790,32
0.072,2790,32
0.072,2800,32
0.072,2800,32
0.072,2800,32
0.072,2800,32
0.072,2800,32
0.072,2800,32
0.072,2800,32
0.072,2800,32
0.072,2800,32
0.072,2800,32
0.072,2810,33
0.072,2810,33
0.072,2810,33
0.072,2810,33
0.072,2810,33
0.072,2810,33
0.072,2810,33
0.072,2810,33
0.072,2810,33
0.072,2810,33
0.072,2820,33
0.072,2820,33
0.072,2820,33
0.072,2820,33
0.072,2820,33
0.072,2820,33
0.072,2820,33
0.072,2820,33
0.072,2820,33
0.072,2820,33
0.072,2830,32
0.072,2830,32
0.072,2830,32
0.072,2830,32
0.072,2830,32
0.072,2830,32
0.072,2830,32
0.072,2830,32
0.072,2830,32
0.072,2830,32
0.072,2840,33
0.072,2840,33
0.072,2840,33
0.072,2840,33
0.072,2840,33
0.072,2840,33
0.072,2840,33
0.072,2840,33
0.072,2840,33
0.072,2840,33
0.072,2850,33
0.072,2850,33
0.072,2850,33
0.072,2850,33
0.072,2850,33
0.072,2850,33
0.072,2850,33
0.072,2850,33
0.072,2850,33
0.072,2850,33
0.072,2860,32
0.072,2860,32
0.072,2860,32
0.072,2860,32
0.072,2860,32
0.072,2860,32
0.072,2860,32
0.072,2860,32
0.072,2860,32
0.072,2860,32
0.072,2870,32
0.072,2870,32
0.072,2870,32
0.072,2870,32
0.072,2870,32
0.072,2870,32
0.072,2870,32
0.072,2870,32
0.072,2870,32
0.072,2870,32
0.072,2880,32
0.072,2880,32
0.072,2880,32
0.072,2880,32
0.072,2880,32
0.072,2880,32
0.072,2880,32
0.072,2880,32
0.072,2880,32
0.072,2880,32
0.072,2890,33
0.072,2890,33
0.072,2890,33
0.072,2890,33
0.072,2890,33
0.072,2890,33
0.072,2890,33
0.072,2890,33
0.072,2890,33
0.072,2890,33
0.072,2900,33
0.072,2900,33
0.072,2900,33
0.072,2900,33
0.072,2900,33
0.072,2900,33
0.072,2900,33
0.072,2900,33
0.072,2900,33
0.072,2900,33
0.072,2910,33
0.072,2910,33
0.072,2910,33
0.072,2910,33
0.072,2910,33
0.072,2910,33
0.072,2910,33
0.072,2910,33
0.072,2910,33
0.072,2910,33
0.072,2920,33
0.072,2920,33
0.072,2920,33
0.072,2920,33
0.072,2920,33
0.072,2920,33
0.072,2920,33
0.072,2920,33
0.072,2920,33
0.072,2920,33
0.072,2930,33
0.072,2930,33
0.072,2930,33
0.072,2930,33
0.072,2930,33
0.072,2930,33
0.072,2930,33
0.072,2930,33
0.072,2930,33
0.072,2930,33
0.072,2940,32
0.072,2940,32
0.072,2940,32
0.072,2940,32
0.072,2940,32
0.072,2940,32
0.072,2940,32
0.072,2940,32
0.072,2940,32
0.072,2940,32
0.072,2950,32
0.072,2950,32
0.072,2950,32
0.072,2950,32
0.072,2950,32
0.072,2950,32
0.072,2950,32
0.072,2950,32
0.072,2950,32
0.072,2950,32
0.072,2960,32
0.072,2960,32
0.072,2960,32
0.072,2960,32
0.072,2960,32
0.072,2960,32
0.072,2960,32
0.072,2960,32
0.072,2960,32
0.072,2960,32
0.072,2970,33
0.072,2970,33
0.072,2970,33
0.072,2970,33
0.072,2970,33
0.072,2970,33
0.072,2970,33
0.072,2970,33
0.072,2970,33
0.072,2970,33
0.072,2980,32
0.072,2980,32
0.072,2980,32
0.072,2980,32
0.072,2980,32
0.072,2980,32
0.072,2980,32
0.072,2980,32
0.072,2980,32
0.072,2980,32
0.072,2990,32
0.072,2990,32
0.072,2990,32
0.072,2990,32
0.072,2990,32
0.072,2990,32
0.072,2990,32
0.072,2990,32
0.072,2990,32
0.072,2990,32
