0.01,0,1
0.015,0,12
0.02,0,188
0.025,0,184
0.03,0,180
0.035,0,177
0.04,0,174
0.045,0,170
0.05,0,164
0.055,0,160
0.06,0,155
0.065,0,141
0.07,0,131
0.075,0,49
0.08,0,48
0.085,0,46
0.09,0,43
0.095,0,41
0.01,50,1
0.015,50,5
0.02,50,167
0.025,50,177
0.03,50,175
0.035,50,171
0.04,50,167
0.045,50,163
0.05,50,157
0.055,50,152
0.06,50,146
0.065,50,130
0.07,50,130
0.075,50,48
0.08,50,46
0.085,50,45
0.09,50,43
0.095,50,41
0.01,100,1
0.015,100,4
0.02,100,162
0.025,100,179
0.03,100,176
0.035,100,172
0.04,100,166
0.045,100,166
0.05,100,162
0.055,100,158
0.06,100,153
0.065,100,140
0.07,100,131
0.075,100,49
0.08,100,47
0.085,100,46
0.09,100,44
0.095,100,41
0.01,150,1
0.015,150,2
0.02,150,172
0.025,150,180
0.03,150,179
0.035,150,174
0.04,150,170
0.045,150,165
0.05,150,158
0.055,150,151
0.06,150,147
0.065,150,45
0.07,150,126
0.075,150,43
0.08,150,42
0.085,150,45
0.09,150,43
0.095,150,41
0.01,200,1
0.015,200,2
0.02,200,181
0.025,200,181
0.03,200,181
0.035,200,175
0.04,200,173
0.045,200,168
0.05,200,161
0.055,200,160
0.06,200,152
0.065,200,140
0.07,200,131
0.075,200,49
0.08,200,47
0.085,200,45
0.09,200,44
0.095,200,41
0.01,250,1
0.015,250,2
0.02,250,153
0.025,250,179
0.03,250,177
0.035,250,115
0.04,250,172
0.045,250,168
0.05,250,166
0.055,250,159
0.06,250,46
0.065,250,44
0.07,250,45
0.075,250,42
0.08,250,44
0.085,250,45
0.09,250,43
0.095,250,41
0.01,300,1
0.015,300,2
0.02,300,172
0.025,300,179
0.03,300,138
0.035,300,133
0.04,300,61
0.045,300,54
0.05,300,52
0.055,300,48
0.06,300,49
0.065,300,45
0.07,300,127
0.075,300,48
0.08,300,46
0.085,300,46
0.09,300,45
0.095,300,41
0.01,350,1
0.015,350,2
0.02,350,181
0.025,350,179
0.03,350,177
0.035,350,172
0.04,350,170
0.045,350,165
0.05,350,162
0.055,350,150
0.06,350,144
0.065,350,136
0.07,350,124
0.075,350,49
0.08,350,46
0.085,350,45
0.09,350,44
0.095,350,41
0.01,400,1
0.015,400,2
0.02,400,142
0.025,400,174
0.03,400,167
0.035,400,162
0.04,400,161
0.045,400,150
0.05,400,148
0.055,400,140
0.06,400,136
0.065,400,134
0.07,400,130
0.075,400,49
0.08,400,46
0.085,400,44
0.09,400,44
0.095,400,41
0.01,450,1
0.015,450,2
0.02,450,118
0.025,450,183
0.03,450,180
0.035,450,176
0.04,450,171
0.045,450,161
0.05,450,157
0.055,450,150
0.06,450,145
0.065,450,137
0.07,450,130
0.075,450,48
0.08,450,46
0.085,450,44
0.09,450,43
0.095,450,41
0.01,500,1
0.015,500,2
0.02,500,180
0.025,500,184
0.03,500,181
0.035,500,177
0.04,500,169
0.045,500,168
0.05,500,162
0.055,500,152
0.06,500,146
0.065,500,137
0.07,500,130
0.075,500,48
0.08,500,46
0.085,500,44
0.09,500,43
0.095,500,41
0.01,550,1
0.015,550,3
0.02,550,164
0.025,550,161
0.03,550,159
0.035,550,39
0.04,550,146
0.045,550,38
0.05,550,150
0.055,550,146
0.06,550,142
0.065,550,128
0.07,550,129
0.075,550,48
0.08,550,47
0.085,550,44
0.09,550,43
0.095,550,41
0.01,600,1
0.015,600,2
0.02,600,61
0.025,600,52
0.03,600,54
0.035,600,176
0.04,600,169
0.045,600,163
0.05,600,155
0.055,600,152
0.06,600,146
0.065,600,138
0.07,600,129
0.075,600,48
0.08,600,46
0.085,600,44
0.09,600,41
0.095,600,41
0.01,650,1
0.015,650,3
0.02,650,175
0.025,650,183
0.03,650,176
0.035,650,173
0.04,650,169
0.045,650,165
0.05,650,156
0.055,650,150
0.06,650,142
0.065,650,136
0.07,650,129
0.075,650,48
0.08,650,46
0.085,650,44
0.09,650,43
0.095,650,41
0.01,700,1
0.015,700,3
0.02,700,175
0.025,700,179
0.03,700,180
0.035,700,155
0.04,700,173
0.045,700,162
0.05,700,34
0.055,700,150
0.06,700,27
0.065,700,139
0.07,700,129
0.075,700,48
0.08,700,45
0.085,700,44
0.09,700,43
0.095,700,41
0.01,750,1
0.015,750,3
0.02,750,185
0.025,750,182
0.03,750,174
0.035,750,42
0.04,750,167
0.045,750,142
0.05,750,38
0.055,750,152
0.06,750,144
0.065,750,137
0.07,750,129
0.075,750,48
0.08,750,45
0.085,750,44
0.09,750,43
0.095,750,41
0.01,800,1
0.015,800,3
0.02,800,172
0.025,800,45
0.03,800,178
0.035,800,174
0.04,800,170
0.045,800,38
0.05,800,154
0.055,800,158
0.06,800,29
0.065,800,136
0.07,800,128
0.075,800,48
0.08,800,47
0.085,800,44
0.09,800,43
0.095,800,41
0.01,850,1
0.015,850,3
0.02,850,176
0.025,850,182
0.03,850,180
0.035,850,174
0.04,850,170
0.045,850,164
0.05,850,155
0.055,850,150
0.06,850,28
0.065,850,24
0.07,850,129
0.075,850,48
0.08,850,45
0.085,850,45
0.09,850,43
0.095,850,41
0.01,900,1
0.015,900,4
0.02,900,174
0.025,900,180
0.03,900,177
0.035,900,173
0.04,900,34
0.045,900,30
0.05,900,29
0.055,900,23
0.06,900,22
0.065,900,17
0.07,900,127
0.075,900,48
0.08,900,44
0.085,900,44
0.09,900,42
0.095,900,41
0.01,950,1
0.015,950,9
0.02,950,38
0.025,950,175
0.03,950,172
0.035,950,169
0.04,950,28
0.045,950,23
0.05,950,24
0.055,950,21
0.06,950,19
0.065,950,16
0.07,950,22
0.075,950,11
0.08,950,45
0.085,950,44
0.09,950,43
0.095,950,41
0.01,1000,1
0.015,1000,6
0.02,1000,167
0.025,1000,180
0.03,1000,177
0.035,1000,176
0.04,1000,164
0.045,1000,33
0.05,1000,154
0.055,1000,22
0.06,1000,23
0.065,1000,18
0.07,1000,123
0.075,1000,16
0.08,1000,44
0.085,1000,44
0.09,1000,43
0.095,1000,41
0.01,1050,1
0.015,1050,4
0.02,1050,169
0.025,1050,179
0.03,1050,176
0.035,1050,171
0.04,1050,166
0.045,1050,32
0.05,1050,28
0.055,1050,24
0.06,1050,19
0.065,1050,17
0.07,1050,18
0.075,1050,45
0.08,1050,44
0.085,1050,44
0.09,1050,42
0.095,1050,41
0.01,1100,1
0.015,1100,8
0.02,1100,40
0.025,1100,35
0.03,1100,33
0.035,1100,32
0.04,1100,23
0.045,1100,23
0.05,1100,17
0.055,1100,14
0.06,1100,11
0.065,1100,10
0.07,1100,1
0.075,1100,0
0.08,1100,38
0.085,1100,42
0.09,1100,42
0.095,1100,41
0.01,1150,1
0.015,1150,10
0.02,1150,39
0.025,1150,38
0.03,1150,37
0.035,1150,33
0.04,1150,27
0.045,1150,140
0.05,1150,18
0.055,1150,15
0.06,1150,14
0.065,1150,14
0.07,1150,11
0.075,1150,5
0.08,1150,40
0.085,1150,43
0.09,1150,43
0.095,1150,41
0.01,1200,1
0.015,1200,3
0.02,1200,172
0.025,1200,178
0.03,1200,36
0.035,1200,168
0.04,1200,32
0.045,1200,164
0.05,1200,27
0.055,1200,152
0.06,1200,149
0.065,1200,18
0.07,1200,13
0.075,1200,12
0.08,1200,43
0.085,1200,43
0.09,1200,43
0.095,1200,41
0.01,1250,1
0.015,1250,3
0.02,1250,167
0.025,1250,36
0.03,1250,174
0.035,1250,32
0.04,1250,169
0.045,1250,167
0.05,1250,25
0.055,1250,150
0.06,1250,149
0.065,1250,13
0.07,1250,6
0.075,1250,1
0.08,1250,39
0.085,1250,43
0.09,1250,42
0.095,1250,41
0.01,1300,1
0.015,1300,2
0.02,1300,173
0.025,1300,30
0.03,1300,31
0.035,1300,28
0.04,1300,22
0.045,1300,23
0.05,1300,16
0.055,1300,11
0.06,1300,8
0.065,1300,10
0.07,1300,4
0.075,1300,1
0.08,1300,16
0.085,1300,41
0.09,1300,43
0.095,1300,41
0.01,1350,1
0.015,1350,3
0.02,1350,184
0.025,1350,178
0.03,1350,178
0.035,1350,175
0.04,1350,169
0.045,1350,165
0.05,1350,158
0.055,1350,23
0.06,1350,146
0.065,1350,17
0.07,1350,20
0.075,1350,15
0.08,1350,38
0.085,1350,42
0.09,1350,42
0.095,1350,41
0.01,1400,1
0.015,1400,4
0.02,1400,176
0.025,1400,180
0.03,1400,177
0.035,1400,169
0.04,1400,28
0.045,1400,157
0.05,1400,19
0.055,1400,16
0.06,1400,16
0.065,1400,11
0.07,1400,10
0.075,1400,7
0.08,1400,24
0.085,1400,43
0.09,1400,42
0.095,1400,41
0.01,1450,1
0.015,1450,3
0.02,1450,182
0.025,1450,38
0.03,1450,178
0.035,1450,175
0.04,1450,171
0.045,1450,24
0.05,1450,156
0.055,1450,153
0.06,1450,16
0.065,1450,16
0.07,1450,11
0.075,1450,7
0.08,1450,40
0.085,1450,43
0.09,1450,41
0.095,1450,41
0.01,1500,1
0.015,1500,2
0.02,1500,181
0.025,1500,173
0.03,1500,170
0.035,1500,30
0.04,1500,25
0.045,1500,19
0.05,1500,19
0.055,1500,14
0.06,1500,11
0.065,1500,10
0.07,1500,5
0.075,1500,1
0.08,1500,5
0.085,1500,41
0.09,1500,43
0.095,1500,41
0.01,1550,1
0.015,1550,4
0.02,1550,150
0.025,1550,179
0.03,1550,178
0.035,1550,175
0.04,1550,28
0.045,1550,26
0.05,1550,155
0.055,1550,22
0.06,1550,14
0.065,1550,15
0.07,1550,11
0.075,1550,6
0.08,1550,39
0.085,1550,42
0.09,1550,43
0.095,1550,41
0.01,1600,1
0.015,1600,2
0.02,1600,175
0.025,1600,175
0.03,1600,32
0.035,1600,31
0.04,1600,23
0.045,1600,21
0.05,1600,20
0.055,1600,13
0.06,1600,150
0.065,1600,9
0.07,1600,8
0.075,1600,4
0.08,1600,7
0.085,1600,43
0.09,1600,43
0.095,1600,41
0.01,1650,1
0.015,1650,2
0.02,1650,183
0.025,1650,34
0.03,1650,32
0.035,1650,29
0.04,1650,21
0.045,1650,18
0.05,1650,17
0.055,1650,14
0.06,1650,10
0.065,1650,11
0.07,1650,1
0.075,1650,0
0.08,1650,5
0.085,1650,42
0.09,1650,43
0.095,1650,41
0.01,1700,1
0.015,1700,40
0.02,1700,34
0.025,1700,31
0.03,1700,27
0.035,1700,27
0.04,1700,23
0.045,1700,19
0.05,1700,14
0.055,1700,12
0.06,1700,8
0.065,1700,7
0.07,1700,1
0.075,1700,0
0.08,1700,3
0.085,1700,42
0.09,1700,42
0.095,1700,41
0.01,1750,1
0.015,1750,9
0.02,1750,38
0.025,1750,180
0.03,1750,36
0.035,1750,35
0.04,1750,25
0.045,1750,26
0.05,1750,158
0.055,1750,17
0.06,1750,150
0.065,1750,7
0.07,1750,5
0.075,1750,0
0.08,1750,38
0.085,1750,42
0.09,1750,43
0.095,1750,41
0.01,1800,1
0.015,1800,6
0.02,1800,153
0.025,1800,29
0.03,1800,24
0.035,1800,139
0.04,1800,20
0.045,1800,14
0.05,1800,12
0.055,1800,8
0.06,1800,6
0.065,1800,8
0.07,1800,0
0.075,1800,0
0.08,1800,1
0.085,1800,42
0.09,1800,41
0.095,1800,41
0.01,1850,1
0.015,1850,2
0.02,1850,37
0.025,1850,34
0.03,1850,32
0.035,1850,29
0.04,1850,23
0.045,1850,20
0.05,1850,17
0.055,1850,15
0.06,1850,14
0.065,1850,10
0.07,1850,5
0.075,1850,2
0.08,1850,10
0.085,1850,42
0.09,1850,42
0.095,1850,41
0.01,1900,1
0.015,1900,2
0.02,1900,32
0.025,1900,30
0.03,1900,26
0.035,1900,29
0.04,1900,19
0.045,1900,14
0.05,1900,10
0.055,1900,9
0.06,1900,7
0.065,1900,8
0.07,1900,0
0.075,1900,0
0.08,1900,2
0.085,1900,42
0.09,1900,43
0.095,1900,41
0.01,1950,1
0.015,1950,4
0.02,1950,154
0.025,1950,181
0.03,1950,178
0.035,1950,171
0.04,1950,138
0.045,1950,23
0.05,1950,156
0.055,1950,19
0.06,1950,150
0.065,1950,16
0.07,1950,12
0.075,1950,9
0.08,1950,39
0.085,1950,43
0.09,1950,42
0.095,1950,41
0.01,2000,1
0.015,2000,2
0.02,2000,37
0.025,2000,32
0.03,2000,31
0.035,2000,27
0.04,2000,21
0.045,2000,19
0.05,2000,19
0.055,2000,15
0.06,2000,11
0.065,2000,11
0.07,2000,4
0.075,2000,1
0.08,2000,6
0.085,2000,43
0.09,2000,42
0.095,2000,41
0.01,2050,1
0.015,2050,2
0.02,2050,35
0.025,2050,32
0.03,2050,25
0.035,2050,28
0.04,2050,20
0.045,2050,16
0.05,2050,16
0.055,2050,11
0.06,2050,10
0.065,2050,8
0.07,2050,0
0.075,2050,0
0.08,2050,4
0.085,2050,41
0.09,2050,42
0.095,2050,41
0.01,2100,1
0.015,2100,53
0.02,2100,32
0.025,2100,32
0.03,2100,27
0.035,2100,21
0.04,2100,20
0.045,2100,11
0.05,2100,14
0.055,2100,7
0.06,2100,6
0.065,2100,0
0.07,2100,0
0.075,2100,0
0.08,2100,2
0.085,2100,42
0.09,2100,42
0.095,2100,41
0.01,2150,1
0.015,2150,4
0.02,2150,159
0.025,2150,181
0.03,2150,178
0.035,2150,33
0.04,2150,138
0.045,2150,24
0.05,2150,18
0.055,2150,12
0.06,2150,11
0.065,2150,10
0.07,2150,1
0.075,2150,0
0.08,2150,38
0.085,2150,43
0.09,2150,42
0.095,2150,41
0.01,2200,1
0.015,2200,4
0.02,2200,178
0.025,2200,178
0.03,2200,174
0.035,2200,16
0.04,2200,13
0.045,2200,10
0.05,2200,10
0.055,2200,7
0.06,2200,7
0.065,2200,0
0.07,2200,0
0.075,2200,0
0.08,2200,2
0.085,2200,40
0.09,2200,42
0.095,2200,41
0.01,2250,1
0.015,2250,4
0.02,2250,156
0.025,2250,150
0.03,2250,22
0.035,2250,17
0.04,2250,12
0.045,2250,10
0.05,2250,11
0.055,2250,7
0.06,2250,7
0.065,2250,0
0.07,2250,0
0.075,2250,0
0.08,2250,2
0.085,2250,42
0.09,2250,42
0.095,2250,41
0.01,2300,1
0.015,2300,2
0.02,2300,37
0.025,2300,143
0.03,2300,27
0.035,2300,23
0.04,2300,17
0.045,2300,16
0.05,2300,14
0.055,2300,15
0.06,2300,9
0.065,2300,11
0.07,2300,0
0.075,2300,0
0.08,2300,2
0.085,2300,42
0.09,2300,41
0.095,2300,41
0.01,2350,1
0.015,2350,4
0.02,2350,184
0.025,2350,181
0.03,2350,147
0.035,2350,144
0.04,2350,166
0.045,2350,165
0.05,2350,158
0.055,2350,8
0.06,2350,11
0.065,2350,9
0.07,2350,0
0.075,2350,0
0.08,2350,29
0.085,2350,42
0.09,2350,43
0.095,2350,41
0.01,2400,1
0.015,2400,4
0.02,2400,29
0.025,2400,144
0.03,2400,19
0.035,2400,17
0.04,2400,12
0.045,2400,12
0.05,2400,11
0.055,2400,7
0.06,2400,8
0.065,2400,0
0.07,2400,0
0.075,2400,0
0.08,2400,2
0.085,2400,42
0.09,2400,42
0.095,2400,41
0.01,2450,1
0.015,2450,4
0.02,2450,149
0.025,2450,146
0.03,2450,18
0.035,2450,14
0.04,2450,12
0.045,2450,11
0.05,2450,8
0.055,2450,7
0.06,2450,4
0.065,2450,0
0.07,2450,0
0.075,2450,0
0.08,2450,2
0.085,2450,42
0.09,2450,41
0.095,2450,41
0.01,2500,1
0.015,2500,3
0.02,2500,183
0.025,2500,181
0.03,2500,149
0.035,2500,144
0.04,2500,141
0.045,2500,137
0.05,2500,12
0.055,2500,9
0.06,2500,10
0.065,2500,7
0.07,2500,0
0.075,2500,0
0.08,2500,21
0.085,2500,42
0.09,2500,42
0.095,2500,41
0.01,2550,1
0.015,2550,3
0.02,2550,184
0.025,2550,181
0.03,2550,34
0.035,2550,138
0.04,2550,169
0.045,2550,166
0.05,2550,22
0.055,2550,17
0.06,2550,13
0.065,2550,10
0.07,2550,6
0.075,2550,4
0.08,2550,28
0.085,2550,43
0.09,2550,42
0.095,2550,41
0.01,2600,1
0.015,2600,21
0.02,2600,151
0.025,2600,179
0.03,2600,143
0.035,2600,24
0.04,2600,164
0.045,2600,161
0.05,2600,15
0.055,2600,13
0.06,2600,148
0.065,2600,7
0.07,2600,0
0.075,2600,0
0.08,2600,2
0.085,2600,42
0.09,2600,42
0.095,2600,41
0.01,2650,1
0.015,2650,4
0.02,2650,33
0.025,2650,31
0.03,2650,23
0.035,2650,18
0.04,2650,16
0.045,2650,14
0.05,2650,9
0.055,2650,7
0.06,2650,6
0.065,2650,0
0.07,2650,0
0.075,2650,0
0.08,2650,0
0.085,2650,42
0.09,2650,43
0.095,2650,41
0.01,2700,1
0.015,2700,3
0.02,2700,39
0.025,2700,38
0.03,2700,33
0.035,2700,33
0.04,2700,166
0.045,2700,165
0.05,2700,15
0.055,2700,8
0.06,2700,150
0.065,2700,0
0.07,2700,0
0.075,2700,0
0.08,2700,2
0.085,2700,41
0.09,2700,43
0.095,2700,41
0.01,2750,1
0.015,2750,3
0.02,2750,158
0.025,2750,38
0.03,2750,147
0.035,2750,30
0.04,2750,27
0.045,2750,136
0.05,2750,14
0.055,2750,9
0.06,2750,12
0.065,2750,9
0.07,2750,0
0.075,2750,0
0.08,2750,4
0.085,2750,40
0.09,2750,43
0.095,2750,41
0.01,2800,1
0.015,2800,3
0.02,2800,159
0.025,2800,155
0.03,2800,148
0.035,2800,33
0.04,2800,165
0.045,2800,164
0.05,2800,157
0.055,2800,8
0.06,2800,150
0.065,2800,0
0.07,2800,0
0.075,2800,0
0.08,2800,3
0.085,2800,42
0.09,2800,42
0.095,2800,41
0.01,2850,1
0.015,2850,3
0.02,2850,40
0.025,2850,36
0.03,2850,36
0.035,2850,137
0.04,2850,165
0.045,2850,22
0.05,2850,14
0.055,2850,12
0.06,2850,10
0.065,2850,5
0.07,2850,0
0.075,2850,0
0.08,2850,2
0.085,2850,40
0.09,2850,42
0.095,2850,41
0.01,2900,1
0.015,2900,50
0.02,2900,35
0.025,2900,32
0.03,2900,28
0.035,2900,25
0.04,2900,164
0.045,2900,18
0.05,2900,15
0.055,2900,15
0.06,2900,11
0.065,2900,7
0.07,2900,1
0.075,2900,0
0.08,2900,1
0.085,2900,42
0.09,2900,41
0.095,2900,41
0.01,2950,1
0.015,2950,3
0.02,2950,183
0.025,2950,178
0.03,2950,177
0.035,2950,174
0.04,2950,170
0.045,2950,162
0.05,2950,157
0.055,2950,9
0.06,2950,11
0.065,2950,10
0.07,2950,0
0.075,2950,0
0.08,2950,3
0.085,2950,42
0.09,2950,41
0.095,2950,41
