7.7500000001
15.2500000001
23.0000000001
30.5000000001
38.0000000001
45.5000000001
53.0000000001
60.5000000001
68.0000000001
74.0000000001
79.5000000001
84.5000000001
89.2500000001
93.7500000001
98.5000000001
103.25
107.75
112.5
118.0
124.25
131.0
138.5
144.25
149.5
154.5
158.5
162.75
167.0
171.0
175.0
178.75
183.0
187.0
191.0
195.25
199.75
203.75
208.25
212.25
216.25
220.25
224.25
228.0
231.75
235.75
239.75
243.25
246.5
250.0
254.0
257.25
260.75
264.5
268.5
272.5
276.5
280.25
284.0
287.5
291.0
294.75
298.5
302.25
306.5
309.75
313.0
316.75
320.5
324.0
327.5
331.5
335.5
339.5
343.25
347.25
351.25
355.25
359.0
363.0
366.5
369.5
373.0
376.75
380.0
383.25
387.0
390.25
393.5
397.25
400.75
404.5
407.75
411.75
416.0
420.25
424.0
427.75
431.25
434.5
438.25
441.75
445.5
449.0
454.5
458.25
461.25
465.0
468.25
472.0
475.25
478.75
482.25
485.75
489.0
492.75
496.25
500.0
503.25
506.5
510.0
513.5
516.75
520.25
523.75
527.25
530.5
534.5
538.5
542.5
547.0
550.75
554.25
557.5
561.0
564.5
568.0
571.25
575.0
578.25
581.75
585.0
588.25
591.75
595.0
598.75
602.25
606.5
610.25
614.25
617.75
621.25
624.75
628.25
632.25
635.75
641.0
644.75
648.25
651.75
655.0
658.25
661.5
665.25
668.25
672.0
675.25
680.5
684.5
687.75
691.25
694.5
699.75
704.0
708.5
712.0
715.75
719.25
722.5
725.75
729.5
733.0
736.75
740.25
744.0
748.25
752.25
756.5
760.0
763.75
767.5
771.25
775.0
778.25
782.0
789.25
793.0
796.75
801.25
805.0
808.25
811.5
815.5
819.0
822.25
826.0
828.75
832.0
835.25
838.75
842.0
845.75
849.25
853.5
857.25
861.25
865.25
868.75
872.25
876.0
879.5
883.25
886.75
891.0
894.75
898.25
902.0
905.75
909.75
913.75
917.25
920.75
924.5
928.5
932.25
935.75
939.25
942.75
946.5
950.5
954.0
957.75
962.0
965.25
968.75
972.25
976.0
979.5
982.75
986.5
990.25
993.75
997.25
1001.0
1005.25
1009.0
1012.75
1016.25
1020.0
1024.25
1027.5
1031.0
1034.5
1038.5
1041.75
1045.75
1049.75
1053.5
1057.25
1060.5
1064.25
1067.75
1071.75
1075.25
1078.75
1082.25
1085.75
1089.5
1092.75
1096.75
1101.25
1104.75
1108.75
1112.0
1116.25
1120.0
1123.5
1126.75
1130.5
1133.75
1137.25
1141.0
1145.5
1149.5
1153.0
1156.25
1160.25
1164.75
1168.5
1172.0
1176.25
1180.0
1184.0
1187.25
1190.75
1194.25
1198.25
1201.5
1205.25
1208.5
1213.25
1217.0
1220.5
1224.25
1228.5
1232.25
1235.25
1238.75
1242.25
1245.5
1249.25
1252.5
1260.0
1264.25
1267.75
1271.75
1275.25
1278.5
1282.25
1285.5
1289.25
1292.75
1297.75
1301.75
1305.0
1308.5
1311.75
1315.5
1319.0
1323.0
1327.0
1331.0
1334.5
1337.75
1341.5
1344.75
1348.75
1353.25
1357.0
1360.75
1369.25
1373.0
1377.0
1381.0
1384.75
1388.25
1391.5
1395.0
1398.25
1401.75
1405.25
1408.5
1412.0
1415.5
1419.0
1422.25
1426.0
1429.5
1433.5
1437.0
1442.25
1446.0
1449.25
1456.0
1459.5
1462.75
1466.25
1469.5
1473.25
1476.75
1482.0
1486.0
1489.0
1492.75
1496.25
1504.75
1508.5
1512.0
1516.0
1519.5
1523.0
1526.5
1529.75
1533.0
1536.5
1539.75
1543.75
1551.75
1555.75
1559.25
1563.0
1566.75
1571.75
1576.0
1579.25
1582.5
1586.0
1590.5
1594.75
1598.25
1602.0
1605.75
1610.75
1615.25
1619.25
1622.5
1626.0
1629.5
1632.75
1636.25
1640.0
1643.5
1646.25
1650.0
1653.25
1656.75
1660.5
1664.0
1666.75
1670.5
1674.0
1677.5
1681.0
1684.75
1687.5
1691.25
1694.75
1698.0
1701.75
1705.25
1708.25
1712.0
1715.5
1718.5
1722.25
1726.0
1730.0
1734.25
1737.75
1740.75
1744.75
1748.75
1752.25
1755.75
1759.5
1763.25
1766.75
1770.0
1773.75
1777.75
1782.0
1785.75
1790.0
1794.25
1798.25
1802.5
1806.75
1810.75
1814.75
1818.75
1822.75
1827.0
1830.75
1834.75
1839.0
1843.0
1847.0
1851.25
1855.75
1860.5
1865.25
1870.0
1874.75
1879.25
1883.25
1887.75
1892.25
1896.25
1900.5
1904.75
1908.75
1913.25
1917.75
1922.5
1927.5
1933.0
1938.5
1944.0
1948.75
1953.25
1958.0
1962.5
1966.5
1971.25
1975.75
1980.0
1984.5
1989.75
1994.75
