7.7500000001
15.2500000001
23.0000000001
30.5000000001
38.0000000001
45.5000000001
53.0000000001
60.5000000001
68.0000000001
73.0000000001
77.0000000001
81.0000000001
86.5000000001
93.0000000001
98.7500000001
104.0
113.25
117.75
121.0
126.0
133.75
140.75
145.0
154.5
160.5
165.5
169.25
173.75
178.75
185.5
191.5
197.5
203.75
209.5
215.5
221.75
228.0
234.0
240.0
252.25
258.75
270.5
274.25
279.25
285.0
290.5
296.5
302.75
308.75
314.75
321.0
333.0
339.0
345.25
351.5
357.25
361.0
366.0
371.75
377.25
383.25
389.5
395.5
401.75
407.75
414.0
426.0
438.25
444.25
450.25
459.75
464.75
470.5
476.0
482.25
488.25
494.25
500.5
506.5
512.5
518.75
524.75
528.25
538.5
544.25
550.25
556.5
562.5
568.5
578.5
582.0
590.75
596.5
602.25
608.25
634.5
639.75
645.5
649.0
653.75
659.0
664.75
668.25
673.25
684.0
687.75
692.5
703.25
706.75
711.5
722.5
726.0
747.5
751.0
755.75
770.75
775.25
780.25
786.0
789.5
794.25
799.25
808.75
813.5
818.5
824.25
827.75
832.5
837.75
843.5
851.75
856.75
860.5
865.0
873.5
878.0
883.0
892.5
897.0
916.25
921.25
924.75
929.25
934.0
937.5
942.0
959.75
963.25
967.75
976.0
980.5
998.25
1001.75
1006.25
1014.5
1019.0
1024.0
1040.25
1044.75
1049.75
1053.25
1062.75
1066.5
1071.0
1076.0
1084.5
1098.75
1103.5
1114.25
1117.75
1122.5
1127.5
1133.5
1137.0
1141.75
1146.75
1152.5
1156.0
1160.75
1165.75
1185.0
1190.75
1194.25
1199.0
1204.0
1209.75
1213.25
1218.0
1223.0
1229.0
1232.75
1242.5
1248.25
1251.75
1256.5
1261.75
1267.5
1271.0
1275.75
1281.0
1286.75
1290.25
1295.25
1300.25
1312.5
1318.25
1321.75
1326.5
1331.75
1343.75
1349.75
1353.25
1358.0
1363.5
1369.25
1375.25
1381.5
1387.5
1399.75
1405.5
1419.25
1433.25
1438.5
1444.25
1456.25
1459.75
1464.75
1470.0
1475.75
1482.0
1487.75
1491.25
1496.0
1501.25
1513.25
1519.25
1525.5
1531.25
1539.75
1551.0
1557.0
1563.0
1569.25
1575.25
1581.25
1585.25
1589.5
1595.25
1600.75
1604.5
1609.25
1615.0
1620.5
1626.5
1638.75
1644.75
1651.0
1657.0
1663.0
1673.25
1677.25
1682.5
1688.5
1694.75
1700.75
1706.75
1712.75
1716.5
1721.25
1727.0
1732.75
1738.5
1748.0
1753.5
1758.75
1764.75
1771.0
1777.0
1783.25
1789.5
1795.25
1801.0
1804.75
1810.0
1816.0
1821.25
1827.5
1834.0
1840.25
1845.75
1852.25
1858.25
1864.0
1872.25
1877.75
1883.25
1887.25
1892.0
1897.75
1902.75
1911.25
1915.75
1919.75
1928.75
1932.25
1936.0
1942.75
1949.0
1954.25
1962.75
1967.75
1973.0
1981.75
1987.25
1993.5
1997.75
