0.072,0,53
0.072,0,53
0.072,0,53
0.072,0,53
0.072,0,53
0.072,0,53
0.072,0,53
0.072,0,53
0.072,0,53
0.072,0,53
0.072,10,53
0.072,10,53
0.072,10,53
0.072,10,53
0.072,10,53
0.072,10,53
0.072,10,53
0.072,10,53
0.072,10,53
0.072,10,53
0.072,20,51
0.072,20,51
0.072,20,51
0.072,20,51
0.072,20,51
0.072,20,51
0.072,20,51
0.072,20,51
0.072,20,51
0.072,20,51
0.072,30,52
0.072,30,52
0.072,30,52
0.072,30,52
0.072,30,52
0.072,30,52
0.072,30,52
0.072,30,52
0.072,30,52
0.072,30,52
0.072,40,52
0.072,40,52
0.072,40,52
0.072,40,52
0.072,40,52
0.072,40,52
0.072,40,52
0.072,40,52
0.072,40,52
0.072,40,52
0.072,50,50
0.072,50,50
0.072,50,50
0.072,50,50
0.072,50,50
0.072,50,50
0.072,50,50
0.072,50,50
0.072,50,50
0.072,50,50
0.072,60,52
0.072,60,52
0.072,60,52
0.072,60,52
0.072,60,52
0.072,60,52
0.072,60,52
0.072,60,52
0.072,60,52
0.072,60,52
0.072,70,51
0.072,70,51
0.072,70,51
0.072,70,51
0.072,70,51
0.072,70,51
0.072,70,51
0.072,70,51
0.072,70,51
0.072,70,51
0.072,80,53
0.072,80,53
0.072,80,53
0.072,80,53
0.072,80,53
0.072,80,53
0.072,80,53
0.072,80,53
0.072,80,53
0.072,80,53
0.072,90,52
0.072,90,52
0.072,90,52
0.072,90,52
0.072,90,52
0.072,90,52
0.072,90,52
0.072,90,52
0.072,90,52
0.072,90,52
0.072,100,53
0.072,100,53
0.072,100,53
0.072,100,53
0.072,100,53
0.072,100,53
0.072,100,53
0.072,100,53
0.072,100,53
0.072,100,53
0.072,110,54
0.072,110,54
0.072,110,54
0.072,110,54
0.072,110,54
0.072,110,54
0.072,110,54
0.072,110,54
0.072,110,54
0.072,110,54
0.072,120,47
0.072,120,47
0.072,120,47
0.072,120,47
0.072,120,47
0.072,120,47
0.072,120,47
0.072,120,47
0.072,120,47
0.072,120,47
0.072,130,53
0.072,130,53
0.072,130,53
0.072,130,53
0.072,130,53
0.072,130,53
0.072,130,53
0.072,130,53
0.072,130,53
0.072,130,53
0.072,140,47
0.072,140,47
0.072,140,47
0.072,140,47
0.072,140,47
0.072,140,47
0.072,140,47
0.072,140,47
0.072,140,47
0.072,140,47
0.072,150,45
0.072,150,45
0.072,150,45
0.072,150,45
0.072,150,45
0.072,150,45
0.072,150,45
0.072,150,45
0.072,150,45
0.072,150,45
0.072,160,52
0.072,160,52
0.072,160,52
0.072,160,52
0.072,160,52
0.072,160,52
0.072,160,52
0.072,160,52
0.072,160,52
0.072,160,52
0.072,170,53
0.072,170,53
0.072,170,53
0.072,170,53
0.072,170,53
0.072,170,53
0.072,170,53
0.072,170,53
0.072,170,53
0.072,170,53
0.072,180,51
0.072,180,51
0.072,180,51
0.072,180,51
0.072,180,51
0.072,180,51
0.072,180,51
0.072,180,51
0.072,180,51
0.072,180,51
0.072,190,53
0.072,190,53
0.072,190,53
0.072,190,53
0.072,190,53
0.072,190,53
0.072,190,53
0.072,190,53
0.072,190,53
0.072,190,53
0.072,200,52
0.072,200,52
0.072,200,52
0.072,200,52
0.072,200,52
0.072,200,52
0.072,200,52
0.072,200,52
0.072,200,52
0.072,200,52
0.072,210,52
0.072,210,52
0.072,210,52
0.072,210,52
0.072,210,52
0.072,210,52
0.072,210,52
0.072,210,52
0.072,210,52
0.072,210,52
0.072,220,51
0.072,220,51
0.072,220,51
0.072,220,51
0.072,220,51
0.072,220,51
0.072,220,51
0.072,220,51
0.072,220,51
0.072,220,51
0.072,230,52
0.072,230,52
0.072,230,52
0.072,230,52
0.072,230,52
0.072,230,52
0.072,230,52
0.072,230,52
0.072,230,52
0.072,230,52
0.072,240,51
0.072,240,51
0.072,240,51
0.072,240,51
0.072,240,51
0.072,240,51
0.072,240,51
0.072,240,51
0.072,240,51
0.072,240,51
0.072,250,45
0.072,250,45
0.072,250,45
0.072,250,45
0.072,250,45
0.072,250,45
0.072,250,45
0.072,250,45
0.072,250,45
0.072,250,45
0.072,260,52
0.072,260,52
0.072,260,52
0.072,260,52
0.072,260,52
0.072,260,52
0.072,260,52
0.072,260,52
0.072,260,52
0.072,260,52
0.072,270,52
0.072,270,52
0.072,270,52
0.072,270,52
0.072,270,52
0.072,270,52
0.072,270,52
0.072,270,52
0.072,270,52
0.072,270,52
0.072,280,53
0.072,280,53
0.072,280,53
0.072,280,53
0.072,280,53
0.072,280,53
0.072,280,53
0.072,280,53
0.072,280,53
0.072,280,53
0.072,290,53
0.072,290,53
0.072,290,53
0.072,290,53
0.072,290,53
0.072,290,53
0.072,290,53
0.072,290,53
0.072,290,53
0.072,290,53
0.072,300,45
0.072,300,45
0.072,300,45
0.072,300,45
0.072,300,45
0.072,300,45
0.072,300,45
0.072,300,45
0.072,300,45
0.072,300,45
0.072,310,52
0.072,310,52
0.072,310,52
0.072,310,52
0.072,310,52
0.072,310,52
0.072,310,52
0.072,310,52
0.072,310,52
0.072,310,52
0.072,320,53
0.072,320,53
0.072,320,53
0.072,320,53
0.072,320,53
0.072,320,53
0.072,320,53
0.072,320,53
0.072,320,53
0.072,320,53
0.072,330,53
0.072,330,53
0.072,330,53
0.072,330,53
0.072,330,53
0.072,330,53
0.072,330,53
0.072,330,53
0.072,330,53
0.072,330,53
0.072,340,51
0.072,340,51
0.072,340,51
0.072,340,51
0.072,340,51
0.072,340,51
0.072,340,51
0.072,340,51
0.072,340,51
0.072,340,51
0.072,350,52
0.072,350,52
0.072,350,52
0.072,350,52
0.072,350,52
0.072,350,52
0.072,350,52
0.072,350,52
0.072,350,52
0.072,350,52
0.072,360,51
0.072,360,51
0.072,360,51
0.072,360,51
0.072,360,51
0.072,360,51
0.072,360,51
0.072,360,51
0.072,360,51
0.072,360,51
0.072,370,51
0.072,370,51
0.072,370,51
0.072,370,51
0.072,370,51
0.072,370,51
0.072,370,51
0.072,370,51
0.072,370,51
0.072,370,51
0.072,380,51
0.072,380,51
0.072,380,51
0.072,380,51
0.072,380,51
0.072,380,51
0.072,380,51
0.072,380,51
0.072,380,51
0.072,380,51
0.072,390,51
0.072,390,51
0.072,390,51
0.072,390,51
0.072,390,51
0.072,390,51
0.072,390,51
0.072,390,51
0.072,390,51
0.072,390,51
0.072,400,53
0.072,400,53
0.072,400,53
0.072,400,53
0.072,400,53
0.072,400,53
0.072,400,53
0.072,400,53
0.072,400,53
0.072,400,53
0.072,410,51
0.072,410,51
0.072,410,51
0.072,410,51
0.072,410,51
0.072,410,51
0.072,410,51
0.072,410,51
0.072,410,51
0.072,410,51
0.072,420,53
0.072,420,53
0.072,420,53
0.072,420,53
0.072,420,53
0.072,420,53
0.072,420,53
0.072,420,53
0.072,420,53
0.072,420,53
0.072,430,53
0.072,430,53
0.072,430,53
0.072,430,53
0.072,430,53
0.072,430,53
0.072,430,53
0.072,430,53
0.072,430,53
0.072,430,53
0.072,440,51
0.072,440,51
0.072,440,51
0.072,440,51
0.072,440,51
0.072,440,51
0.072,440,51
0.072,440,51
0.072,440,51
0.072,440,51
0.072,450,54
0.072,450,54
0.072,450,54
0.072,450,54
0.072,450,54
0.072,450,54
0.072,450,54
0.072,450,54
0.072,450,54
0.072,450,54
0.072,460,53
0.072,460,53
0.072,460,53
0.072,460,53
0.072,460,53
0.072,460,53
0.072,460,53
0.072,460,53
0.072,460,53
0.072,460,53
0.072,470,53
0.072,470,53
0.072,470,53
0.072,470,53
0.072,470,53
0.072,470,53
0.072,470,53
0.072,470,53
0.072,470,53
0.072,470,53
0.072,480,51
0.072,480,51
0.072,480,51
0.072,480,51
0.072,480,51
0.072,480,51
0.072,480,51
0.072,480,51
0.072,480,51
0.072,480,51
0.072,490,51
0.072,490,51
0.072,490,51
0.072,490,51
0.072,490,51
0.072,490,51
0.072,490,51
0.072,490,51
0.072,490,51
0.072,490,51
0.072,500,53
0.072,500,53
0.072,500,53
0.072,500,53
0.072,500,53
0.072,500,53
0.072,500,53
0.072,500,53
0.072,500,53
0.072,500,53
0.072,510,52
0.072,510,52
0.072,510,52
0.072,510,52
0.072,510,52
0.072,510,52
0.072,510,52
0.072,510,52
0.072,510,52
0.072,510,52
0.072,520,51
0.072,520,51
0.072,520,51
0.072,520,51
0.072,520,51
0.072,520,51
0.072,520,51
0.072,520,51
0.072,520,51
0.072,520,51
0.072,530,52
0.072,530,52
0.072,530,52
0.072,530,52
0.072,530,52
0.072,530,52
0.072,530,52
0.072,530,52
0.072,530,52
0.072,530,52
0.072,540,51
0.072,540,51
0.072,540,51
0.072,540,51
0.072,540,51
0.072,540,51
0.072,540,51
0.072,540,51
0.072,540,51
0.072,540,51
0.072,550,52
0.072,550,52
0.072,550,52
0.072,550,52
0.072,550,52
0.072,550,52
0.072,550,52
0.072,550,52
0.072,550,52
0.072,550,52
0.072,560,52
0.072,560,52
0.072,560,52
0.072,560,52
0.072,560,52
0.072,560,52
0.072,560,52
0.072,560,52
0.072,560,52
0.072,560,52
0.072,570,51
0.072,570,51
0.072,570,51
0.072,570,51
0.072,570,51
0.072,570,51
0.072,570,51
0.072,570,51
0.072,570,51
0.072,570,51
0.072,580,52
0.072,580,52
0.072,580,52
0.072,580,52
0.072,580,52
0.072,580,52
0.072,580,52
0.072,580,52
0.072,580,52
0.072,580,52
0.072,590,53
0.072,590,53
0.072,590,53
0.072,590,53
0.072,590,53
0.072,590,53
0.072,590,53
0.072,590,53
0.072,590,53
0.072,590,53
0.072,600,52
0.072,600,52
0.072,600,52
0.072,600,52
0.072,600,52
0.072,600,52
0.072,600,52
0.072,600,52
0.072,600,52
0.072,600,52
0.072,610,52
0.072,610,52
0.072,610,52
0.072,610,52
0.072,610,52
0.072,610,52
0.072,610,52
0.072,610,52
0.072,610,52
0.072,610,52
0.072,620,52
0.072,620,52
0.072,620,52
0.072,620,52
0.072,620,52
0.072,620,52
0.072,620,52
0.072,620,52
0.072,620,52
0.072,620,52
0.072,630,52
0.072,630,52
0.072,630,52
0.072,630,52
0.072,630,52
0.072,630,52
0.072,630,52
0.072,630,52
0.072,630,52
0.072,630,52
0.072,640,52
0.072,640,52
0.072,640,52
0.072,640,52
0.072,640,52
0.072,640,52
0.072,640,52
0.072,640,52
0.072,640,52
0.072,640,52
0.072,650,52
0.072,650,52
0.072,650,52
0.072,650,52
0.072,650,52
0.072,650,52
0.072,650,52
0.072,650,52
0.072,650,52
0.072,650,52
0.072,660,52
0.072,660,52
0.072,660,52
0.072,660,52
0.072,660,52
0.072,660,52
0.072,660,52
0.072,660,52
0.072,660,52
0.072,660,52
0.072,670,50
0.072,670,50
0.072,670,50
0.072,670,50
0.072,670,50
0.072,670,50
0.072,670,50
0.072,670,50
0.072,670,50
0.072,670,50
0.072,680,52
0.072,680,52
0.072,680,52
0.072,680,52
0.072,680,52
0.072,680,52
0.072,680,52
0.072,680,52
0.072,680,52
0.072,680,52
0.072,690,52
0.072,690,52
0.072,690,52
0.072,690,52
0.072,690,52
0.072,690,52
0.072,690,52
0.072,690,52
0.072,690,52
0.072,690,52
0.072,700,52
0.072,700,52
0.072,700,52
0.072,700,52
0.072,700,52
0.072,700,52
0.072,700,52
0.072,700,52
0.072,700,52
0.072,700,52
0.072,710,51
0.072,710,51
0.072,710,51
0.072,710,51
0.072,710,51
0.072,710,51
0.072,710,51
0.072,710,51
0.072,710,51
0.072,710,51
0.072,720,52
0.072,720,52
0.072,720,52
0.072,720,52
0.072,720,52
0.072,720,52
0.072,720,52
0.072,720,52
0.072,720,52
0.072,720,52
0.072,730,51
0.072,730,51
0.072,730,51
0.072,730,51
0.072,730,51
0.072,730,51
0.072,730,51
0.072,730,51
0.072,730,51
0.072,730,51
0.072,740,50
0.072,740,50
0.072,740,50
0.072,740,50
0.072,740,50
0.072,740,50
0.072,740,50
0.072,740,50
0.072,740,50
0.072,740,50
0.072,750,52
0.072,750,52
0.072,750,52
0.072,750,52
0.072,750,52
0.072,750,52
0.072,750,52
0.072,750,52
0.072,750,52
0.072,750,52
0.072,760,52
0.072,760,52
0.072,760,52
0.072,760,52
0.072,760,52
0.072,760,52
0.072,760,52
0.072,760,52
0.072,760,52
0.072,760,52
0.072,770,52
0.072,770,52
0.072,770,52
0.072,770,52
0.072,770,52
0.072,770,52
0.072,770,52
0.072,770,52
0.072,770,52
0.072,770,52
0.072,780,52
0.072,780,52
0.072,780,52
0.072,780,52
0.072,780,52
0.072,780,52
0.072,780,52
0.072,780,52
0.072,780,52
0.072,780,52
0.072,790,51
0.072,790,51
0.072,790,51
0.072,790,51
0.072,790,51
0.072,790,51
0.072,790,51
0.072,790,51
0.072,790,51
0.072,790,51
0.072,800,52
0.072,800,52
0.072,800,52
0.072,800,52
0.072,800,52
0.072,800,52
0.072,800,52
0.072,800,52
0.072,800,52
0.072,800,52
0.072,810,51
0.072,810,51
0.072,810,51
0.072,810,51
0.072,810,51
0.072,810,51
0.072,810,51
0.072,810,51
0.072,810,51
0.072,810,51
0.072,820,11
0.072,820,11
0.072,820,11
0.072,820,11
0.072,820,11
0.072,820,11
0.072,820,11
0.072,820,11
0.072,820,11
0.072,820,11
0.072,830,51
0.072,830,51
0.072,830,51
0.072,830,51
0.072,830,51
0.072,830,51
0.072,830,51
0.072,830,51
0.072,830,51
0.072,830,51
0.072,840,51
0.072,840,51
0.072,840,51
0.072,840,51
0.072,840,51
0.072,840,51
0.072,840,51
0.072,840,51
0.072,840,51
0.072,840,51
0.072,850,51
0.072,850,51
0.072,850,51
0.072,850,51
0.072,850,51
0.072,850,51
0.072,850,51
0.072,850,51
0.072,850,51
0.072,850,51
0.072,860,51
0.072,860,51
0.072,860,51
0.072,860,51
0.072,860,51
0.072,860,51
0.072,860,51
0.072,860,51
0.072,860,51
0.072,860,51
0.072,870,51
0.072,870,51
0.072,870,51
0.072,870,51
0.072,870,51
0.072,870,51
0.072,870,51
0.072,870,51
0.072,870,51
0.072,870,51
0.072,880,52
0.072,880,52
0.072,880,52
0.072,880,52
0.072,880,52
0.072,880,52
0.072,880,52
0.072,880,52
0.072,880,52
0.072,880,52
0.072,890,50
0.072,890,50
0.072,890,50
0.072,890,50
0.072,890,50
0.072,890,50
0.072,890,50
0.072,890,50
0.072,890,50
0.072,890,50
0.072,900,46
0.072,900,46
0.072,900,46
0.072,900,46
0.072,900,46
0.072,900,46
0.072,900,46
0.072,900,46
0.072,900,46
0.072,900,46
0.072,910,11
0.072,910,11
0.072,910,11
0.072,910,11
0.072,910,11
0.072,910,11
0.072,910,11
0.072,910,11
0.072,910,11
0.072,910,11
0.072,920,11
0.072,920,11
0.072,920,11
0.072,920,11
0.072,920,11
0.072,920,11
0.072,920,11
0.072,920,11
0.072,920,11
0.072,920,11
0.072,930,20
0.072,930,20
0.072,930,20
0.072,930,20
0.072,930,20
0.072,930,20
0.072,930,20
0.072,930,20
0.072,930,20
0.072,930,20
0.072,940,11
0.072,940,11
0.072,940,11
0.072,940,11
0.072,940,11
0.072,940,11
0.072,940,11
0.072,940,11
0.072,940,11
0.072,940,11
0.072,950,12
0.072,950,12
0.072,950,12
0.072,950,12
0.072,950,12
0.072,950,12
0.072,950,12
0.072,950,12
0.072,950,12
0.072,950,12
0.072,960,11
0.072,960,11
0.072,960,11
0.072,960,11
0.072,960,11
0.072,960,11
0.072,960,11
0.072,960,11
0.072,960,11
0.072,960,11
0.072,970,11
0.072,970,11
0.072,970,11
0.072,970,11
0.072,970,11
0.072,970,11
0.072,970,11
0.072,970,11
0.072,970,11
0.072,970,11
0.072,980,11
0.072,980,11
0.072,980,11
0.072,980,11
0.072,980,11
0.072,980,11
0.072,980,11
0.072,980,11
0.072,980,11
0.072,980,11
0.072,990,11
0.072,990,11
0.072,990,11
0.072,990,11
0.072,990,11
0.072,990,11
0.072,990,11
0.072,990,11
0.072,990,11
0.072,990,11
0.072,1000,51
0.072,1000,51
0.072,1000,51
0.072,1000,51
0.072,1000,51
0.072,1000,51
0.072,1000,51
0.072,1000,51
0.072,1000,51
0.072,1000,51
0.072,1010,9
0.072,1010,9
0.072,1010,9
0.072,1010,9
0.072,1010,9
0.072,1010,9
0.072,1010,9
0.072,1010,9
0.072,1010,9
0.072,1010,9
0.072,1020,12
0.072,1020,12
0.072,1020,12
0.072,1020,12
0.072,1020,12
0.072,1020,12
0.072,1020,12
0.072,1020,12
0.072,1020,12
0.072,1020,12
0.072,1030,2
0.072,1030,2
0.072,1030,2
0.072,1030,2
0.072,1030,2
0.072,1030,2
0.072,1030,2
0.072,1030,2
0.072,1030,2
0.072,1030,2
0.072,1040,11
0.072,1040,11
0.072,1040,11
0.072,1040,11
0.072,1040,11
0.072,1040,11
0.072,1040,11
0.072,1040,11
0.072,1040,11
0.072,1040,11
0.072,1050,14
0.072,1050,14
0.072,1050,14
0.072,1050,14
0.072,1050,14
0.072,1050,14
0.072,1050,14
0.072,1050,14
0.072,1050,14
0.072,1050,14
0.072,1060,4
0.072,1060,4
0.072,1060,4
0.072,1060,4
0.072,1060,4
0.072,1060,4
0.072,1060,4
0.072,1060,4
0.072,1060,4
0.072,1060,4
0.072,1070,3
0.072,1070,3
0.072,1070,3
0.072,1070,3
0.072,1070,3
0.072,1070,3
0.072,1070,3
0.072,1070,3
0.072,1070,3
0.072,1070,3
0.072,1080,5
0.072,1080,5
0.072,1080,5
0.072,1080,5
0.072,1080,5
0.072,1080,5
0.072,1080,5
0.072,1080,5
0.072,1080,5
0.072,1080,5
0.072,1090,1
0.072,1090,1
0.072,1090,1
0.072,1090,1
0.072,1090,1
0.072,1090,1
0.072,1090,1
0.072,1090,1
0.072,1090,1
0.072,1090,1
0.072,1100,1
0.072,1100,1
0.072,1100,1
0.072,1100,1
0.072,1100,1
0.072,1100,1
0.072,1100,1
0.072,1100,1
0.072,1100,1
0.072,1100,1
0.072,1110,2
0.072,1110,2
0.072,1110,2
0.072,1110,2
0.072,1110,2
0.072,1110,2
0.072,1110,2
0.072,1110,2
0.072,1110,2
0.072,1110,2
0.072,1120,3
0.072,1120,3
0.072,1120,3
0.072,1120,3
0.072,1120,3
0.072,1120,3
0.072,1120,3
0.072,1120,3
0.072,1120,3
0.072,1120,3
0.072,1130,7
0.072,1130,7
0.072,1130,7
0.072,1130,7
0.072,1130,7
0.072,1130,7
0.072,1130,7
0.072,1130,7
0.072,1130,7
0.072,1130,7
0.072,1140,4
0.072,1140,4
0.072,1140,4
0.072,1140,4
0.072,1140,4
0.072,1140,4
0.072,1140,4
0.072,1140,4
0.072,1140,4
0.072,1140,4
0.072,1150,11
0.072,1150,11
0.072,1150,11
0.072,1150,11
0.072,1150,11
0.072,1150,11
0.072,1150,11
0.072,1150,11
0.072,1150,11
0.072,1150,11
0.072,1160,46
0.072,1160,46
0.072,1160,46
0.072,1160,46
0.072,1160,46
0.072,1160,46
0.072,1160,46
0.072,1160,46
0.072,1160,46
0.072,1160,46
0.072,1170,11
0.072,1170,11
0.072,1170,11
0.072,1170,11
0.072,1170,11
0.072,1170,11
0.072,1170,11
0.072,1170,11
0.072,1170,11
0.072,1170,11
0.072,1180,11
0.072,1180,11
0.072,1180,11
0.072,1180,11
0.072,1180,11
0.072,1180,11
0.072,1180,11
0.072,1180,11
0.072,1180,11
0.072,1180,11
0.072,1190,11
0.072,1190,11
0.072,1190,11
0.072,1190,11
0.072,1190,11
0.072,1190,11
0.072,1190,11
0.072,1190,11
0.072,1190,11
0.072,1190,11
0.072,1200,12
0.072,1200,12
0.072,1200,12
0.072,1200,12
0.072,1200,12
0.072,1200,12
0.072,1200,12
0.072,1200,12
0.072,1200,12
0.072,1200,12
0.072,1210,11
0.072,1210,11
0.072,1210,11
0.072,1210,11
0.072,1210,11
0.072,1210,11
0.072,1210,11
0.072,1210,11
0.072,1210,11
0.072,1210,11
0.072,1220,2
0.072,1220,2
0.072,1220,2
0.072,1220,2
0.072,1220,2
0.072,1220,2
0.072,1220,2
0.072,1220,2
0.072,1220,2
0.072,1220,2
0.072,1230,2
0.072,1230,2
0.072,1230,2
0.072,1230,2
0.072,1230,2
0.072,1230,2
0.072,1230,2
0.072,1230,2
0.072,1230,2
0.072,1230,2
0.072,1240,11
0.072,1240,11
0.072,1240,11
0.072,1240,11
0.072,1240,11
0.072,1240,11
0.072,1240,11
0.072,1240,11
0.072,1240,11
0.072,1240,11
0.072,1250,3
0.072,1250,3
0.072,1250,3
0.072,1250,3
0.072,1250,3
0.072,1250,3
0.072,1250,3
0.072,1250,3
0.072,1250,3
0.072,1250,3
0.072,1260,1
0.072,1260,1
0.072,1260,1
0.072,1260,1
0.072,1260,1
0.072,1260,1
0.072,1260,1
0.072,1260,1
0.072,1260,1
0.072,1260,1
0.072,1270,11
0.072,1270,11
0.072,1270,11
0.072,1270,11
0.072,1270,11
0.072,1270,11
0.072,1270,11
0.072,1270,11
0.072,1270,11
0.072,1270,11
0.072,1280,2
0.072,1280,2
0.072,1280,2
0.072,1280,2
0.072,1280,2
0.072,1280,2
0.072,1280,2
0.072,1280,2
0.072,1280,2
0.072,1280,2
0.072,1290,1
0.072,1290,1
0.072,1290,1
0.072,1290,1
0.072,1290,1
0.072,1290,1
0.072,1290,1
0.072,1290,1
0.072,1290,1
0.072,1290,1
0.072,1300,3
0.072,1300,3
0.072,1300,3
0.072,1300,3
0.072,1300,3
0.072,1300,3
0.072,1300,3
0.072,1300,3
0.072,1300,3
0.072,1300,3
0.072,1310,11
0.072,1310,11
0.072,1310,11
0.072,1310,11
0.072,1310,11
0.072,1310,11
0.072,1310,11
0.072,1310,11
0.072,1310,11
0.072,1310,11
0.072,1320,4
0.072,1320,4
0.072,1320,4
0.072,1320,4
0.072,1320,4
0.072,1320,4
0.072,1320,4
0.072,1320,4
0.072,1320,4
0.072,1320,4
0.072,1330,3
0.072,1330,3
0.072,1330,3
0.072,1330,3
0.072,1330,3
0.072,1330,3
0.072,1330,3
0.072,1330,3
0.072,1330,3
0.072,1330,3
0.072,1340,5
0.072,1340,5
0.072,1340,5
0.072,1340,5
0.072,1340,5
0.072,1340,5
0.072,1340,5
0.072,1340,5
0.072,1340,5
0.072,1340,5
0.072,1350,20
0.072,1350,20
0.072,1350,20
0.072,1350,20
0.072,1350,20
0.072,1350,20
0.072,1350,20
0.072,1350,20
0.072,1350,20
0.072,1350,20
0.072,1360,12
0.072,1360,12
0.072,1360,12
0.072,1360,12
0.072,1360,12
0.072,1360,12
0.072,1360,12
0.072,1360,12
0.072,1360,12
0.072,1360,12
0.072,1370,11
0.072,1370,11
0.072,1370,11
0.072,1370,11
0.072,1370,11
0.072,1370,11
0.072,1370,11
0.072,1370,11
0.072,1370,11
0.072,1370,11
0.072,1380,11
0.072,1380,11
0.072,1380,11
0.072,1380,11
0.072,1380,11
0.072,1380,11
0.072,1380,11
0.072,1380,11
0.072,1380,11
0.072,1380,11
0.072,1390,11
0.072,1390,11
0.072,1390,11
0.072,1390,11
0.072,1390,11
0.072,1390,11
0.072,1390,11
0.072,1390,11
0.072,1390,11
0.072,1390,11
0.072,1400,11
0.072,1400,11
0.072,1400,11
0.072,1400,11
0.072,1400,11
0.072,1400,11
0.072,1400,11
0.072,1400,11
0.072,1400,11
0.072,1400,11
0.072,1410,3
0.072,1410,3
0.072,1410,3
0.072,1410,3
0.072,1410,3
0.072,1410,3
0.072,1410,3
0.072,1410,3
0.072,1410,3
0.072,1410,3
0.072,1420,3
0.072,1420,3
0.072,1420,3
0.072,1420,3
0.072,1420,3
0.072,1420,3
0.072,1420,3
0.072,1420,3
0.072,1420,3
0.072,1420,3
0.072,1430,3
0.072,1430,3
0.072,1430,3
0.072,1430,3
0.072,1430,3
0.072,1430,3
0.072,1430,3
0.072,1430,3
0.072,1430,3
0.072,1430,3
0.072,1440,1
0.072,1440,1
0.072,1440,1
0.072,1440,1
0.072,1440,1
0.072,1440,1
0.072,1440,1
0.072,1440,1
0.072,1440,1
0.072,1440,1
0.072,1450,11
0.072,1450,11
0.072,1450,11
0.072,1450,11
0.072,1450,11
0.072,1450,11
0.072,1450,11
0.072,1450,11
0.072,1450,11
0.072,1450,11
0.072,1460,11
0.072,1460,11
0.072,1460,11
0.072,1460,11
0.072,1460,11
0.072,1460,11
0.072,1460,11
0.072,1460,11
0.072,1460,11
0.072,1460,11
0.072,1470,11
0.072,1470,11
0.072,1470,11
0.072,1470,11
0.072,1470,11
0.072,1470,11
0.072,1470,11
0.072,1470,11
0.072,1470,11
0.072,1470,11
0.072,1480,11
0.072,1480,11
0.072,1480,11
0.072,1480,11
0.072,1480,11
0.072,1480,11
0.072,1480,11
0.072,1480,11
0.072,1480,11
0.072,1480,11
0.072,1490,2
0.072,1490,2
0.072,1490,2
0.072,1490,2
0.072,1490,2
0.072,1490,2
0.072,1490,2
0.072,1490,2
0.072,1490,2
0.072,1490,2
0.072,1500,3
0.072,1500,3
0.072,1500,3
0.072,1500,3
0.072,1500,3
0.072,1500,3
0.072,1500,3
0.072,1500,3
0.072,1500,3
0.072,1500,3
0.072,1510,6
0.072,1510,6
0.072,1510,6
0.072,1510,6
0.072,1510,6
0.072,1510,6
0.072,1510,6
0.072,1510,6
0.072,1510,6
0.072,1510,6
0.072,1520,11
0.072,1520,11
0.072,1520,11
0.072,1520,11
0.072,1520,11
0.072,1520,11
0.072,1520,11
0.072,1520,11
0.072,1520,11
0.072,1520,11
0.072,1530,11
0.072,1530,11
0.072,1530,11
0.072,1530,11
0.072,1530,11
0.072,1530,11
0.072,1530,11
0.072,1530,11
0.072,1530,11
0.072,1530,11
0.072,1540,1
0.072,1540,1
0.072,1540,1
0.072,1540,1
0.072,1540,1
0.072,1540,1
0.072,1540,1
0.072,1540,1
0.072,1540,1
0.072,1540,1
0.072,1550,11
0.072,1550,11
0.072,1550,11
0.072,1550,11
0.072,1550,11
0.072,1550,11
0.072,1550,11
0.072,1550,11
0.072,1550,11
0.072,1550,11
0.072,1560,11
0.072,1560,11
0.072,1560,11
0.072,1560,11
0.072,1560,11
0.072,1560,11
0.072,1560,11
0.072,1560,11
0.072,1560,11
0.072,1560,11
0.072,1570,1
0.072,1570,1
0.072,1570,1
0.072,1570,1
0.072,1570,1
0.072,1570,1
0.072,1570,1
0.072,1570,1
0.072,1570,1
0.072,1570,1
0.072,1580,1
0.072,1580,1
0.072,1580,1
0.072,1580,1
0.072,1580,1
0.072,1580,1
0.072,1580,1
0.072,1580,1
0.072,1580,1
0.072,1580,1
0.072,1590,1
0.072,1590,1
0.072,1590,1
0.072,1590,1
0.072,1590,1
0.072,1590,1
0.072,1590,1
0.072,1590,1
0.072,1590,1
0.072,1590,1
0.072,1600,6
0.072,1600,6
0.072,1600,6
0.072,1600,6
0.072,1600,6
0.072,1600,6
0.072,1600,6
0.072,1600,6
0.072,1600,6
0.072,1600,6
0.072,1610,1
0.072,1610,1
0.072,1610,1
0.072,1610,1
0.072,1610,1
0.072,1610,1
0.072,1610,1
0.072,1610,1
0.072,1610,1
0.072,1610,1
0.072,1620,1
0.072,1620,1
0.072,1620,1
0.072,1620,1
0.072,1620,1
0.072,1620,1
0.072,1620,1
0.072,1620,1
0.072,1620,1
0.072,1620,1
0.072,1630,4
0.072,1630,4
0.072,1630,4
0.072,1630,4
0.072,1630,4
0.072,1630,4
0.072,1630,4
0.072,1630,4
0.072,1630,4
0.072,1630,4
0.072,1640,4
0.072,1640,4
0.072,1640,4
0.072,1640,4
0.072,1640,4
0.072,1640,4
0.072,1640,4
0.072,1640,4
0.072,1640,4
0.072,1640,4
0.072,1650,2
0.072,1650,2
0.072,1650,2
0.072,1650,2
0.072,1650,2
0.072,1650,2
0.072,1650,2
0.072,1650,2
0.072,1650,2
0.072,1650,2
0.072,1660,4
0.072,1660,4
0.072,1660,4
0.072,1660,4
0.072,1660,4
0.072,1660,4
0.072,1660,4
0.072,1660,4
0.072,1660,4
0.072,1660,4
0.072,1670,2
0.072,1670,2
0.072,1670,2
0.072,1670,2
0.072,1670,2
0.072,1670,2
0.072,1670,2
0.072,1670,2
0.072,1670,2
0.072,1670,2
0.072,1680,0
0.072,1680,0
0.072,1680,0
0.072,1680,0
0.072,1680,0
0.072,1680,0
0.072,1680,0
0.072,1680,0
0.072,1680,0
0.072,1680,0
0.072,1690,0
0.072,1690,0
0.072,1690,0
0.072,1690,0
0.072,1690,0
0.072,1690,0
0.072,1690,0
0.072,1690,0
0.072,1690,0
0.072,1690,0
0.072,1700,1
0.072,1700,1
0.072,1700,1
0.072,1700,1
0.072,1700,1
0.072,1700,1
0.072,1700,1
0.072,1700,1
0.072,1700,1
0.072,1700,1
0.072,1710,11
0.072,1710,11
0.072,1710,11
0.072,1710,11
0.072,1710,11
0.072,1710,11
0.072,1710,11
0.072,1710,11
0.072,1710,11
0.072,1710,11
0.072,1720,4
0.072,1720,4
0.072,1720,4
0.072,1720,4
0.072,1720,4
0.072,1720,4
0.072,1720,4
0.072,1720,4
0.072,1720,4
0.072,1720,4
0.072,1730,2
0.072,1730,2
0.072,1730,2
0.072,1730,2
0.072,1730,2
0.072,1730,2
0.072,1730,2
0.072,1730,2
0.072,1730,2
0.072,1730,2
0.072,1740,0
0.072,1740,0
0.072,1740,0
0.072,1740,0
0.072,1740,0
0.072,1740,0
0.072,1740,0
0.072,1740,0
0.072,1740,0
0.072,1740,0
0.072,1750,2
0.072,1750,2
0.072,1750,2
0.072,1750,2
0.072,1750,2
0.072,1750,2
0.072,1750,2
0.072,1750,2
0.072,1750,2
0.072,1750,2
0.072,1760,0
0.072,1760,0
0.072,1760,0
0.072,1760,0
0.072,1760,0
0.072,1760,0
0.072,1760,0
0.072,1760,0
0.072,1760,0
0.072,1760,0
0.072,1770,1
0.072,1770,1
0.072,1770,1
0.072,1770,1
0.072,1770,1
0.072,1770,1
0.072,1770,1
0.072,1770,1
0.072,1770,1
0.072,1770,1
0.072,1780,1
0.072,1780,1
0.072,1780,1
0.072,1780,1
0.072,1780,1
0.072,1780,1
0.072,1780,1
0.072,1780,1
0.072,1780,1
0.072,1780,1
0.072,1790,2
0.072,1790,2
0.072,1790,2
0.072,1790,2
0.072,1790,2
0.072,1790,2
0.072,1790,2
0.072,1790,2
0.072,1790,2
0.072,1790,2
0.072,1800,0
0.072,1800,0
0.072,1800,0
0.072,1800,0
0.072,1800,0
0.072,1800,0
0.072,1800,0
0.072,1800,0
0.072,1800,0
0.072,1800,0
0.072,1810,0
0.072,1810,0
0.072,1810,0
0.072,1810,0
0.072,1810,0
0.072,1810,0
0.072,1810,0
0.072,1810,0
0.072,1810,0
0.072,1810,0
0.072,1820,0
0.072,1820,0
0.072,1820,0
0.072,1820,0
0.072,1820,0
0.072,1820,0
0.072,1820,0
0.072,1820,0
0.072,1820,0
0.072,1820,0
0.072,1830,1
0.072,1830,1
0.072,1830,1
0.072,1830,1
0.072,1830,1
0.072,1830,1
0.072,1830,1
0.072,1830,1
0.072,1830,1
0.072,1830,1
0.072,1840,11
0.072,1840,11
0.072,1840,11
0.072,1840,11
0.072,1840,11
0.072,1840,11
0.072,1840,11
0.072,1840,11
0.072,1840,11
0.072,1840,11
0.072,1850,3
0.072,1850,3
0.072,1850,3
0.072,1850,3
0.072,1850,3
0.072,1850,3
0.072,1850,3
0.072,1850,3
0.072,1850,3
0.072,1850,3
0.072,1860,0
0.072,1860,0
0.072,1860,0
0.072,1860,0
0.072,1860,0
0.072,1860,0
0.072,1860,0
0.072,1860,0
0.072,1860,0
0.072,1860,0
0.072,1870,2
0.072,1870,2
0.072,1870,2
0.072,1870,2
0.072,1870,2
0.072,1870,2
0.072,1870,2
0.072,1870,2
0.072,1870,2
0.072,1870,2
0.072,1880,1
0.072,1880,1
0.072,1880,1
0.072,1880,1
0.072,1880,1
0.072,1880,1
0.072,1880,1
0.072,1880,1
0.072,1880,1
0.072,1880,1
0.072,1890,1
0.072,1890,1
0.072,1890,1
0.072,1890,1
0.072,1890,1
0.072,1890,1
0.072,1890,1
0.072,1890,1
0.072,1890,1
0.072,1890,1
0.072,1900,0
0.072,1900,0
0.072,1900,0
0.072,1900,0
0.072,1900,0
0.072,1900,0
0.072,1900,0
0.072,1900,0
0.072,1900,0
0.072,1900,0
0.072,1910,3
0.072,1910,3
0.072,1910,3
0.072,1910,3
0.072,1910,3
0.072,1910,3
0.072,1910,3
0.072,1910,3
0.072,1910,3
0.072,1910,3
0.072,1920,0
0.072,1920,0
0.072,1920,0
0.072,1920,0
0.072,1920,0
0.072,1920,0
0.072,1920,0
0.072,1920,0
0.072,1920,0
0.072,1920,0
0.072,1930,0
0.072,1930,0
0.072,1930,0
0.072,1930,0
0.072,1930,0
0.072,1930,0
0.072,1930,0
0.072,1930,0
0.072,1930,0
0.072,1930,0
0.072,1940,0
0.072,1940,0
0.072,1940,0
0.072,1940,0
0.072,1940,0
0.072,1940,0
0.072,1940,0
0.072,1940,0
0.072,1940,0
0.072,1940,0
0.072,1950,11
0.072,1950,11
0.072,1950,11
0.072,1950,11
0.072,1950,11
0.072,1950,11
0.072,1950,11
0.072,1950,11
0.072,1950,11
0.072,1950,11
0.072,1960,2
0.072,1960,2
0.072,1960,2
0.072,1960,2
0.072,1960,2
0.072,1960,2
0.072,1960,2
0.072,1960,2
0.072,1960,2
0.072,1960,2
0.072,1970,11
0.072,1970,11
0.072,1970,11
0.072,1970,11
0.072,1970,11
0.072,1970,11
0.072,1970,11
0.072,1970,11
0.072,1970,11
0.072,1970,11
0.072,1980,0
0.072,1980,0
0.072,1980,0
0.072,1980,0
0.072,1980,0
0.072,1980,0
0.072,1980,0
0.072,1980,0
0.072,1980,0
0.072,1980,0
0.072,1990,2
0.072,1990,2
0.072,1990,2
0.072,1990,2
0.072,1990,2
0.072,1990,2
0.072,1990,2
0.072,1990,2
0.072,1990,2
0.072,1990,2
0.072,2000,3
0.072,2000,3
0.072,2000,3
0.072,2000,3
0.072,2000,3
0.072,2000,3
0.072,2000,3
0.072,2000,3
0.072,2000,3
0.072,2000,3
0.072,2010,1
0.072,2010,1
0.072,2010,1
0.072,2010,1
0.072,2010,1
0.072,2010,1
0.072,2010,1
0.072,2010,1
0.072,2010,1
0.072,2010,1
0.072,2020,0
0.072,2020,0
0.072,2020,0
0.072,2020,0
0.072,2020,0
0.072,2020,0
0.072,2020,0
0.072,2020,0
0.072,2020,0
0.072,2020,0
0.072,2030,2
0.072,2030,2
0.072,2030,2
0.072,2030,2
0.072,2030,2
0.072,2030,2
0.072,2030,2
0.072,2030,2
0.072,2030,2
0.072,2030,2
0.072,2040,1
0.072,2040,1
0.072,2040,1
0.072,2040,1
0.072,2040,1
0.072,2040,1
0.072,2040,1
0.072,2040,1
0.072,2040,1
0.072,2040,1
0.072,2050,0
0.072,2050,0
0.072,2050,0
0.072,2050,0
0.072,2050,0
0.072,2050,0
0.072,2050,0
0.072,2050,0
0.072,2050,0
0.072,2050,0
0.072,2060,0
0.072,2060,0
0.072,2060,0
0.072,2060,0
0.072,2060,0
0.072,2060,0
0.072,2060,0
0.072,2060,0
0.072,2060,0
0.072,2060,0
0.072,2070,1
0.072,2070,1
0.072,2070,1
0.072,2070,1
0.072,2070,1
0.072,2070,1
0.072,2070,1
0.072,2070,1
0.072,2070,1
0.072,2070,1
0.072,2080,1
0.072,2080,1
0.072,2080,1
0.072,2080,1
0.072,2080,1
0.072,2080,1
0.072,2080,1
0.072,2080,1
0.072,2080,1
0.072,2080,1
0.072,2090,0
0.072,2090,0
0.072,2090,0
0.072,2090,0
0.072,2090,0
0.072,2090,0
0.072,2090,0
0.072,2090,0
0.072,2090,0
0.072,2090,0
0.072,2100,0
0.072,2100,0
0.072,2100,0
0.072,2100,0
0.072,2100,0
0.072,2100,0
0.072,2100,0
0.072,2100,0
0.072,2100,0
0.072,2100,0
0.072,2110,0
0.072,2110,0
0.072,2110,0
0.072,2110,0
0.072,2110,0
0.072,2110,0
0.072,2110,0
0.072,2110,0
0.072,2110,0
0.072,2110,0
0.072,2120,0
0.072,2120,0
0.072,2120,0
0.072,2120,0
0.072,2120,0
0.072,2120,0
0.072,2120,0
0.072,2120,0
0.072,2120,0
0.072,2120,0
0.072,2130,0
0.072,2130,0
0.072,2130,0
0.072,2130,0
0.072,2130,0
0.072,2130,0
0.072,2130,0
0.072,2130,0
0.072,2130,0
0.072,2130,0
0.072,2140,1
0.072,2140,1
0.072,2140,1
0.072,2140,1
0.072,2140,1
0.072,2140,1
0.072,2140,1
0.072,2140,1
0.072,2140,1
0.072,2140,1
0.072,2150,1
0.072,2150,1
0.072,2150,1
0.072,2150,1
0.072,2150,1
0.072,2150,1
0.072,2150,1
0.072,2150,1
0.072,2150,1
0.072,2150,1
0.072,2160,3
0.072,2160,3
0.072,2160,3
0.072,2160,3
0.072,2160,3
0.072,2160,3
0.072,2160,3
0.072,2160,3
0.072,2160,3
0.072,2160,3
0.072,2170,0
0.072,2170,0
0.072,2170,0
0.072,2170,0
0.072,2170,0
0.072,2170,0
0.072,2170,0
0.072,2170,0
0.072,2170,0
0.072,2170,0
0.072,2180,2
0.072,2180,2
0.072,2180,2
0.072,2180,2
0.072,2180,2
0.072,2180,2
0.072,2180,2
0.072,2180,2
0.072,2180,2
0.072,2180,2
0.072,2190,1
0.072,2190,1
0.072,2190,1
0.072,2190,1
0.072,2190,1
0.072,2190,1
0.072,2190,1
0.072,2190,1
0.072,2190,1
0.072,2190,1
0.072,2200,0
0.072,2200,0
0.072,2200,0
0.072,2200,0
0.072,2200,0
0.072,2200,0
0.072,2200,0
0.072,2200,0
0.072,2200,0
0.072,2200,0
0.072,2210,0
0.072,2210,0
0.072,2210,0
0.072,2210,0
0.072,2210,0
0.072,2210,0
0.072,2210,0
0.072,2210,0
0.072,2210,0
0.072,2210,0
0.072,2220,0
0.072,2220,0
0.072,2220,0
0.072,2220,0
0.072,2220,0
0.072,2220,0
0.072,2220,0
0.072,2220,0
0.072,2220,0
0.072,2220,0
0.072,2230,0
0.072,2230,0
0.072,2230,0
0.072,2230,0
0.072,2230,0
0.072,2230,0
0.072,2230,0
0.072,2230,0
0.072,2230,0
0.072,2230,0
0.072,2240,4
0.072,2240,4
0.072,2240,4
0.072,2240,4
0.072,2240,4
0.072,2240,4
0.072,2240,4
0.072,2240,4
0.072,2240,4
0.072,2240,4
0.072,2250,0
0.072,2250,0
0.072,2250,0
0.072,2250,0
0.072,2250,0
0.072,2250,0
0.072,2250,0
0.072,2250,0
0.072,2250,0
0.072,2250,0
0.072,2260,0
0.072,2260,0
0.072,2260,0
0.072,2260,0
0.072,2260,0
0.072,2260,0
0.072,2260,0
0.072,2260,0
0.072,2260,0
0.072,2260,0
0.072,2270,9
0.072,2270,9
0.072,2270,9
0.072,2270,9
0.072,2270,9
0.072,2270,9
0.072,2270,9
0.072,2270,9
0.072,2270,9
0.072,2270,9
0.072,2280,8
0.072,2280,8
0.072,2280,8
0.072,2280,8
0.072,2280,8
0.072,2280,8
0.072,2280,8
0.072,2280,8
0.072,2280,8
0.072,2280,8
0.072,2290,8
0.072,2290,8
0.072,2290,8
0.072,2290,8
0.072,2290,8
0.072,2290,8
0.072,2290,8
0.072,2290,8
0.072,2290,8
0.072,2290,8
0.072,2300,1
0.072,2300,1
0.072,2300,1
0.072,2300,1
0.072,2300,1
0.072,2300,1
0.072,2300,1
0.072,2300,1
0.072,2300,1
0.072,2300,1
0.072,2310,9
0.072,2310,9
0.072,2310,9
0.072,2310,9
0.072,2310,9
0.072,2310,9
0.072,2310,9
0.072,2310,9
0.072,2310,9
0.072,2310,9
0.072,2320,3
0.072,2320,3
0.072,2320,3
0.072,2320,3
0.072,2320,3
0.072,2320,3
0.072,2320,3
0.072,2320,3
0.072,2320,3
0.072,2320,3
0.072,2330,1
0.072,2330,1
0.072,2330,1
0.072,2330,1
0.072,2330,1
0.072,2330,1
0.072,2330,1
0.072,2330,1
0.072,2330,1
0.072,2330,1
0.072,2340,0
0.072,2340,0
0.072,2340,0
0.072,2340,0
0.072,2340,0
0.072,2340,0
0.072,2340,0
0.072,2340,0
0.072,2340,0
0.072,2340,0
0.072,2350,0
0.072,2350,0
0.072,2350,0
0.072,2350,0
0.072,2350,0
0.072,2350,0
0.072,2350,0
0.072,2350,0
0.072,2350,0
0.072,2350,0
0.072,2360,0
0.072,2360,0
0.072,2360,0
0.072,2360,0
0.072,2360,0
0.072,2360,0
0.072,2360,0
0.072,2360,0
0.072,2360,0
0.072,2360,0
0.072,2370,0
0.072,2370,0
0.072,2370,0
0.072,2370,0
0.072,2370,0
0.072,2370,0
0.072,2370,0
0.072,2370,0
0.072,2370,0
0.072,2370,0
0.072,2380,0
0.072,2380,0
0.072,2380,0
0.072,2380,0
0.072,2380,0
0.072,2380,0
0.072,2380,0
0.072,2380,0
0.072,2380,0
0.072,2380,0
0.072,2390,0
0.072,2390,0
0.072,2390,0
0.072,2390,0
0.072,2390,0
0.072,2390,0
0.072,2390,0
0.072,2390,0
0.072,2390,0
0.072,2390,0
0.072,2400,0
0.072,2400,0
0.072,2400,0
0.072,2400,0
0.072,2400,0
0.072,2400,0
0.072,2400,0
0.072,2400,0
0.072,2400,0
0.072,2400,0
0.072,2410,0
0.072,2410,0
0.072,2410,0
0.072,2410,0
0.072,2410,0
0.072,2410,0
0.072,2410,0
0.072,2410,0
0.072,2410,0
0.072,2410,0
0.072,2420,0
0.072,2420,0
0.072,2420,0
0.072,2420,0
0.072,2420,0
0.072,2420,0
0.072,2420,0
0.072,2420,0
0.072,2420,0
0.072,2420,0
0.072,2430,1
0.072,2430,1
0.072,2430,1
0.072,2430,1
0.072,2430,1
0.072,2430,1
0.072,2430,1
0.072,2430,1
0.072,2430,1
0.072,2430,1
0.072,2440,0
0.072,2440,0
0.072,2440,0
0.072,2440,0
0.072,2440,0
0.072,2440,0
0.072,2440,0
0.072,2440,0
0.072,2440,0
0.072,2440,0
0.072,2450,0
0.072,2450,0
0.072,2450,0
0.072,2450,0
0.072,2450,0
0.072,2450,0
0.072,2450,0
0.072,2450,0
0.072,2450,0
0.072,2450,0
0.072,2460,0
0.072,2460,0
0.072,2460,0
0.072,2460,0
0.072,2460,0
0.072,2460,0
0.072,2460,0
0.072,2460,0
0.072,2460,0
0.072,2460,0
0.072,2470,0
0.072,2470,0
0.072,2470,0
0.072,2470,0
0.072,2470,0
0.072,2470,0
0.072,2470,0
0.072,2470,0
0.072,2470,0
0.072,2470,0
0.072,2480,0
0.072,2480,0
0.072,2480,0
0.072,2480,0
0.072,2480,0
0.072,2480,0
0.072,2480,0
0.072,2480,0
0.072,2480,0
0.072,2480,0
0.072,2490,0
0.072,2490,0
0.072,2490,0
0.072,2490,0
0.072,2490,0
0.072,2490,0
0.072,2490,0
0.072,2490,0
0.072,2490,0
0.072,2490,0
0.072,2500,0
0.072,2500,0
0.072,2500,0
0.072,2500,0
0.072,2500,0
0.072,2500,0
0.072,2500,0
0.072,2500,0
0.072,2500,0
0.072,2500,0
0.072,2510,0
0.072,2510,0
0.072,2510,0
0.072,2510,0
0.072,2510,0
0.072,2510,0
0.072,2510,0
0.072,2510,0
0.072,2510,0
0.072,2510,0
0.072,2520,2
0.072,2520,2
0.072,2520,2
0.072,2520,2
0.072,2520,2
0.072,2520,2
0.072,2520,2
0.072,2520,2
0.072,2520,2
0.072,2520,2
0.072,2530,2
0.072,2530,2
0.072,2530,2
0.072,2530,2
0.072,2530,2
0.072,2530,2
0.072,2530,2
0.072,2530,2
0.072,2530,2
0.072,2530,2
0.072,2540,2
0.072,2540,2
0.072,2540,2
0.072,2540,2
0.072,2540,2
0.072,2540,2
0.072,2540,2
0.072,2540,2
0.072,2540,2
0.072,2540,2
0.072,2550,4
0.072,2550,4
0.072,2550,4
0.072,2550,4
0.072,2550,4
0.072,2550,4
0.072,2550,4
0.072,2550,4
0.072,2550,4
0.072,2550,4
0.072,2560,2
0.072,2560,2
0.072,2560,2
0.072,2560,2
0.072,2560,2
0.072,2560,2
0.072,2560,2
0.072,2560,2
0.072,2560,2
0.072,2560,2
0.072,2570,0
0.072,2570,0
0.072,2570,0
0.072,2570,0
0.072,2570,0
0.072,2570,0
0.072,2570,0
0.072,2570,0
0.072,2570,0
0.072,2570,0
0.072,2580,1
0.072,2580,1
0.072,2580,1
0.072,2580,1
0.072,2580,1
0.072,2580,1
0.072,2580,1
0.072,2580,1
0.072,2580,1
0.072,2580,1
0.072,2590,0
0.072,2590,0
0.072,2590,0
0.072,2590,0
0.072,2590,0
0.072,2590,0
0.072,2590,0
0.072,2590,0
0.072,2590,0
0.072,2590,0
0.072,2600,0
0.072,2600,0
0.072,2600,0
0.072,2600,0
0.072,2600,0
0.072,2600,0
0.072,2600,0
0.072,2600,0
0.072,2600,0
0.072,2600,0
0.072,2610,0
0.072,2610,0
0.072,2610,0
0.072,2610,0
0.072,2610,0
0.072,2610,0
0.072,2610,0
0.072,2610,0
0.072,2610,0
0.072,2610,0
0.072,2620,0
0.072,2620,0
0.072,2620,0
0.072,2620,0
0.072,2620,0
0.072,2620,0
0.072,2620,0
0.072,2620,0
0.072,2620,0
0.072,2620,0
0.072,2630,1
0.072,2630,1
0.072,2630,1
0.072,2630,1
0.072,2630,1
0.072,2630,1
0.072,2630,1
0.072,2630,1
0.072,2630,1
0.072,2630,1
0.072,2640,0
0.072,2640,0
0.072,2640,0
0.072,2640,0
0.072,2640,0
0.072,2640,0
0.072,2640,0
0.072,2640,0
0.072,2640,0
0.072,2640,0
0.072,2650,0
0.072,2650,0
0.072,2650,0
0.072,2650,0
0.072,2650,0
0.072,2650,0
0.072,2650,0
0.072,2650,0
0.072,2650,0
0.072,2650,0
0.072,2660,0
0.072,2660,0
0.072,2660,0
0.072,2660,0
0.072,2660,0
0.072,2660,0
0.072,2660,0
0.072,2660,0
0.072,2660,0
0.072,2660,0
0.072,2670,1
0.072,2670,1
0.072,2670,1
0.072,2670,1
0.072,2670,1
0.072,2670,1
0.072,2670,1
0.072,2670,1
0.072,2670,1
0.072,2670,1
0.072,2680,0
0.072,2680,0
0.072,2680,0
0.072,2680,0
0.072,2680,0
0.072,2680,0
0.072,2680,0
0.072,2680,0
0.072,2680,0
0.072,2680,0
0.072,2690,0
0.072,2690,0
0.072,2690,0
0.072,2690,0
0.072,2690,0
0.072,2690,0
0.072,2690,0
0.072,2690,0
0.072,2690,0
0.072,2690,0
0.072,2700,0
0.072,2700,0
0.072,2700,0
0.072,2700,0
0.072,2700,0
0.072,2700,0
0.072,2700,0
0.072,2700,0
0.072,2700,0
0.072,2700,0
0.072,2710,0
0.072,2710,0
0.072,2710,0
0.072,2710,0
0.072,2710,0
0.072,2710,0
0.072,2710,0
0.072,2710,0
0.072,2710,0
0.072,2710,0
0.072,2720,0
0.072,2720,0
0.072,2720,0
0.072,2720,0
0.072,2720,0
0.072,2720,0
0.072,2720,0
0.072,2720,0
0.072,2720,0
0.072,2720,0
0.072,2730,0
0.072,2730,0
0.072,2730,0
0.072,2730,0
0.072,2730,0
0.072,2730,0
0.072,2730,0
0.072,2730,0
0.072,2730,0
0.072,2730,0
0.072,2740,0
0.072,2740,0
0.072,2740,0
0.072,2740,0
0.072,2740,0
0.072,2740,0
0.072,2740,0
0.072,2740,0
0.072,2740,0
0.072,2740,0
0.072,2750,0
0.072,2750,0
0.072,2750,0
0.072,2750,0
0.072,2750,0
0.072,2750,0
0.072,2750,0
0.072,2750,0
0.072,2750,0
0.072,2750,0
0.072,2760,0
0.072,2760,0
0.072,2760,0
0.072,2760,0
0.072,2760,0
0.072,2760,0
0.072,2760,0
0.072,2760,0
0.072,2760,0
0.072,2760,0
0.072,2770,0
0.072,2770,0
0.072,2770,0
0.072,2770,0
0.072,2770,0
0.072,2770,0
0.072,2770,0
0.072,2770,0
0.072,2770,0
0.072,2770,0
0.072,2780,0
0.072,2780,0
0.072,2780,0
0.072,2780,0
0.072,2780,0
0.072,2780,0
0.072,2780,0
0.072,2780,0
0.072,2780,0
0.072,2780,0
0.072,2790,0
0.072,2790,0
0.072,2790,0
0.072,2790,0
0.072,2790,0
0.072,2790,0
0.072,2790,0
0.072,2790,0
0.072,2790,0
0.072,2790,0
0.072,2800,0
0.072,2800,0
0.072,2800,0
0.072,2800,0
0.072,2800,0
0.072,2800,0
0.072,2800,0
0.072,2800,0
0.072,2800,0
0.072,2800,0
0.072,2810,0
0.072,2810,0
0.072,2810,0
0.072,2810,0
0.072,2810,0
0.072,2810,0
0.072,2810,0
0.072,2810,0
0.072,2810,0
0.072,2810,0
0.072,2820,2
0.072,2820,2
0.072,2820,2
0.072,2820,2
0.072,2820,2
0.072,2820,2
0.072,2820,2
0.072,2820,2
0.072,2820,2
0.072,2820,2
0.072,2830,0
0.072,2830,0
0.072,2830,0
0.072,2830,0
0.072,2830,0
0.072,2830,0
0.072,2830,0
0.072,2830,0
0.072,2830,0
0.072,2830,0
0.072,2840,0
0.072,2840,0
0.072,2840,0
0.072,2840,0
0.072,2840,0
0.072,2840,0
0.072,2840,0
0.072,2840,0
0.072,2840,0
0.072,2840,0
0.072,2850,0
0.072,2850,0
0.072,2850,0
0.072,2850,0
0.072,2850,0
0.072,2850,0
0.072,2850,0
0.072,2850,0
0.072,2850,0
0.072,2850,0
0.072,2860,0
0.072,2860,0
0.072,2860,0
0.072,2860,0
0.072,2860,0
0.072,2860,0
0.072,2860,0
0.072,2860,0
0.072,2860,0
0.072,2860,0
0.072,2870,0
0.072,2870,0
0.072,2870,0
0.072,2870,0
0.072,2870,0
0.072,2870,0
0.072,2870,0
0.072,2870,0
0.072,2870,0
0.072,2870,0
0.072,2880,0
0.072,2880,0
0.072,2880,0
0.072,2880,0
0.072,2880,0
0.072,2880,0
0.072,2880,0
0.072,2880,0
0.072,2880,0
0.072,2880,0
0.072,2890,2
0.072,2890,2
0.072,2890,2
0.072,2890,2
0.072,2890,2
0.072,2890,2
0.072,2890,2
0.072,2890,2
0.072,2890,2
0.072,2890,2
0.072,2900,2
0.072,2900,2
0.072,2900,2
0.072,2900,2
0.072,2900,2
0.072,2900,2
0.072,2900,2
0.072,2900,2
0.072,2900,2
0.072,2900,2
0.072,2910,3
0.072,2910,3
0.072,2910,3
0.072,2910,3
0.072,2910,3
0.072,2910,3
0.072,2910,3
0.072,2910,3
0.072,2910,3
0.072,2910,3
0.072,2920,2
0.072,2920,2
0.072,2920,2
0.072,2920,2
0.072,2920,2
0.072,2920,2
0.072,2920,2
0.072,2920,2
0.072,2920,2
0.072,2920,2
0.072,2930,0
0.072,2930,0
0.072,2930,0
0.072,2930,0
0.072,2930,0
0.072,2930,0
0.072,2930,0
0.072,2930,0
0.072,2930,0
0.072,2930,0
0.072,2940,0
0.072,2940,0
0.072,2940,0
0.072,2940,0
0.072,2940,0
0.072,2940,0
0.072,2940,0
0.072,2940,0
0.072,2940,0
0.072,2940,0
0.072,2950,0
0.072,2950,0
0.072,2950,0
0.072,2950,0
0.072,2950,0
0.072,2950,0
0.072,2950,0
0.072,2950,0
0.072,2950,0
0.072,2950,0
0.072,2960,0
0.072,2960,0
0.072,2960,0
0.072,2960,0
0.072,2960,0
0.072,2960,0
0.072,2960,0
0.072,2960,0
0.072,2960,0
0.072,2960,0
0.072,2970,4
0.072,2970,4
0.072,2970,4
0.072,2970,4
0.072,2970,4
0.072,2970,4
0.072,2970,4
0.072,2970,4
0.072,2970,4
0.072,2970,4
0.072,2980,1
0.072,2980,1
0.072,2980,1
0.072,2980,1
0.072,2980,1
0.072,2980,1
0.072,2980,1
0.072,2980,1
0.072,2980,1
0.072,2980,1
0.072,2990,1
0.072,2990,1
0.072,2990,1
0.072,2990,1
0.072,2990,1
0.072,2990,1
0.072,2990,1
0.072,2990,1
0.072,2990,1
0.072,2990,1
